3.320696607255500810e-02
1.969721332360326038e-02
1.740899701913443606e-02
1.563099110687825311e-02
9.666167794283170300e-03
8.797264035424062073e-03
8.048955460178851620e-03
7.436702989523679905e-03
6.311147942460636900e-03
5.711264208586377088e-03
5.655604893072270489e-03
5.760739155710027301e-03
5.624683051119989431e-03
4.993877475293448560e-03
4.740318371284741109e-03
4.573340424742421313e-03
4.486759267276032789e-03
4.588801345718561409e-03
4.282675110390975551e-03
4.075498769310690120e-03
3.961087954087248730e-03
3.917797375354054902e-03
3.722989771054682241e-03
3.472522851241202548e-03
3.620947692612153622e-03
3.271530878551373502e-03
3.543643087731450109e-03
3.361204220212989785e-03
3.512721245779168618e-03
3.197318457865898182e-03
3.280807431137058080e-03
2.708753355019852000e-03
2.999418669371296895e-03
2.844809459609889870e-03
2.832440722828977533e-03
2.869546933171714977e-03
2.801518880876696042e-03
2.900468775123996468e-03
2.736583012776905299e-03
2.674739328872342316e-03
2.674739328872342316e-03
2.622172197553463910e-03
2.495392645549110184e-03
2.547959776867988590e-03
2.597434723991638803e-03
2.479931724572969221e-03
2.504669198134794328e-03
2.653094039505745402e-03
2.399534935497037516e-03
2.492300461353881991e-03
2.334599067397246774e-03
2.343875619982931351e-03
2.384074014520896987e-03
2.229464804759489962e-03
2.312953778030649860e-03
2.133607094707417728e-03
2.133607094707417728e-03
2.272755383492683790e-03
2.102685252755136236e-03
2.065579042412398359e-03
1.941891674603272826e-03
2.096500884364679851e-03
2.019196279483976338e-03
2.093408700169451658e-03
2.013011911093519953e-03
2.081039963388539322e-03
1.923338569431903887e-03
1.997550990117379424e-03
2.074855594998082937e-03
2.056302489826713781e-03
1.904785464260535166e-03
1.966629148165097932e-03
1.892416727479622612e-03
1.895508911674850588e-03
1.883140174893938035e-03
1.907877648455763141e-03
1.768729359670496862e-03
1.805835570013234522e-03
1.595567044737720899e-03
1.740899701913443563e-03
1.747084070303899948e-03
1.672871649618424411e-03
1.750176254499127924e-03
1.706885675765934095e-03
1.759452807084812501e-03
1.799651201622778354e-03
1.629581070885230583e-03
1.564645202785439624e-03
1.632673255080458559e-03
1.740899701913443563e-03
1.682148202204108989e-03
1.536815545028386324e-03
1.521354624052245579e-03
1.592474860542492706e-03
1.592474860542492706e-03
1.499709334685648448e-03
1.592474860542492706e-03
1.490432782099964087e-03
1.536815545028386324e-03
1.539907729223614300e-03
1.536815545028386324e-03
1.468787492733367173e-03
1.450234387561998234e-03
1.546092097614070685e-03
1.527538992442701747e-03
1.440957834976313873e-03
1.422404729804944935e-03
1.419312545609716959e-03
1.307993914581503762e-03
1.255426783262625356e-03
1.403851624633576213e-03
1.320362651362416316e-03
1.345100124924241422e-03
1.332731388143328869e-03
1.369837598486066529e-03
1.304901730386275570e-03
1.338915756533785254e-03
1.320362651362416316e-03
1.403851624633576213e-03
1.295625177800591209e-03
1.295625177800591209e-03
1.298717361995819402e-03
1.264703335848309717e-03
1.314178282971960147e-03
1.273979888433994295e-03
1.252334599067397164e-03
1.280164256824450463e-03
1.295625177800591209e-03
1.342007940729013447e-03
1.301809546191047594e-03
1.270887704238766102e-03
1.249242414872169188e-03
1.320362651362416316e-03
1.342007940729013447e-03
1.218320572919887696e-03
1.292532993605363017e-03
7.235711016833851292e-04
1.209044020334203336e-03
1.215228388724659504e-03
1.246150230676940996e-03
1.246150230676940996e-03
1.187398730967606205e-03
1.187398730967606205e-03
1.175029994186693651e-03
1.168845625796237483e-03
1.137923783843955991e-03
1.103909757696446524e-03
1.196675283553290782e-03
1.014236416034830458e-03
1.094633205110761946e-03
1.159569073210552905e-03
1.057526994768024286e-03
1.162661257405781098e-03
1.116278494477359077e-03
1.128647231258271631e-03
1.128647231258271631e-03
1.116278494477359077e-03
9.925911266682333270e-04
1.001867679253917905e-03
1.100817573501218331e-03
1.063711363158480671e-03
1.038973889596655565e-03
1.107001941891674500e-03
1.156476889015324930e-03
9.338396269588986444e-04
1.038973889596655565e-03
1.023512968620514819e-03
9.709458373016364129e-04
1.082264468329849393e-03
1.097725389305990139e-03
1.020420784425286626e-03
9.833145740825489662e-04
1.113186310282130885e-03
9.091021533970735377e-04
9.400239953493549211e-04
1.026605152815743011e-03
9.647614689111801362e-04
1.029697337010970987e-03
9.833145740825489662e-04
9.585771005207238595e-04
1.011144231839602265e-03
9.462083637398113062e-04
9.987754950586897121e-04
9.833145740825489662e-04
9.616692847159519436e-04
8.998256008113891770e-04
9.709458373016364129e-04
9.338396269588986444e-04
9.523927321302675829e-04
9.523927321302675829e-04
1.008052047644374073e-03
9.740380214968644970e-04
1.011144231839602265e-03
9.369318111541268370e-04
9.369318111541268370e-04
9.493005479350393903e-04
9.276552585684423678e-04
9.060099692018454536e-04
9.183787059827580070e-04
9.647614689111801362e-04
8.750881272495639619e-04
8.781803114447921544e-04
8.163366275402292793e-04
9.152865217875298144e-04
9.121943375923017303e-04
5.596853393362936349e-04
8.441662852972825785e-04
8.101522591497730026e-04
9.245630743732142836e-04
8.936412324209329003e-04
9.183787059827580070e-04
9.152865217875298144e-04
9.307474427636705603e-04
8.874568640304765152e-04
1.042066073791883540e-03
8.379819169068263018e-04
9.369318111541268370e-04
8.379819169068263018e-04
8.905490482257047077e-04
9.121943375923017303e-04
9.183787059827580070e-04
8.936412324209329003e-04
8.348897327115982177e-04
8.534428378829670477e-04
9.091021533970735377e-04
8.843646798352484311e-04
9.121943375923017303e-04
8.503506536877388552e-04
8.812724956400202385e-04
8.812724956400202385e-04
8.565350220781951318e-04
8.565350220781951318e-04
7.761382330022634267e-04
8.627193904686514085e-04
8.379819169068263018e-04
8.750881272495639619e-04
8.719959430543358777e-04
8.627193904686514085e-04
8.472584694925107711e-04
8.317975485163700252e-04
8.658115746638796011e-04
8.379819169068263018e-04
8.410741011020544944e-04
8.225209959306855560e-04
8.379819169068263018e-04
8.503506536877388552e-04
8.132444433450011952e-04
7.730460488070353426e-04
8.256131801259137485e-04
8.194288117354574718e-04
7.823226013927198118e-04
7.977835223688604493e-04
7.792304171974916193e-04
6.771883387549630000e-04
8.256131801259137485e-04
7.977835223688604493e-04
7.885069697831760885e-04
7.823226013927198118e-04
7.606773120261227893e-04
7.575851278308945967e-04
7.019258123167881067e-04
8.534428378829670477e-04
7.421242068547539593e-04
7.173867332929287442e-04
8.379819169068263018e-04
7.915991539784041726e-04
8.163366275402292793e-04
8.101522591497730026e-04
7.730460488070353426e-04
7.483085752452102359e-04
7.328476542690694900e-04
4.236292347462553855e-04
7.637694962213508734e-04
6.771883387549630000e-04
7.142945490977006600e-04
7.081101807072443834e-04
7.668616804165790659e-04
7.606773120261227893e-04
7.452163910499820434e-04
7.483085752452102359e-04
7.668616804165790659e-04
7.699538646118071501e-04
7.668616804165790659e-04
6.802805229501910841e-04
7.359398384642976826e-04
6.710039703645067233e-04
8.070600749545449185e-04
7.359398384642976826e-04
7.637694962213508734e-04
7.050179965120161908e-04
7.390320226595257667e-04
6.864648913406473608e-04
7.390320226595257667e-04
7.266632858786132134e-04
6.060681022647156557e-04
7.173867332929287442e-04
7.050179965120161908e-04
7.452163910499820434e-04
7.575851278308945967e-04
6.369899442169971475e-04
7.112023649024724675e-04
7.204789174881569367e-04
6.586352335835940616e-04
6.400821284122252316e-04
6.895570755358755534e-04
6.957414439263318300e-04
6.802805229501910841e-04
6.802805229501910841e-04
6.802805229501910841e-04
6.679117861692785308e-04
6.740961545597348075e-04
7.204789174881569367e-04
5.813306287028905490e-04
6.957414439263318300e-04
7.328476542690694900e-04
6.524508651931377849e-04
6.710039703645067233e-04
6.400821284122252316e-04
6.493586809979097008e-04
6.740961545597348075e-04
7.297554700738414059e-04
7.173867332929287442e-04
6.926492597311036375e-04
6.740961545597348075e-04
5.936993654838031024e-04
7.112023649024724675e-04
6.555430493883659775e-04
6.277133916313126782e-04
5.813306287028905490e-04
6.926492597311036375e-04
7.266632858786132134e-04
7.112023649024724675e-04
6.988336281215599141e-04
6.122524706551720408e-04
6.369899442169971475e-04
7.050179965120161908e-04
6.338977600217689549e-04
7.081101807072443834e-04
6.679117861692785308e-04
6.338977600217689549e-04
6.710039703645067233e-04
6.864648913406473608e-04
7.668616804165790659e-04
6.431743126074534241e-04
6.988336281215599141e-04
6.740961545597348075e-04
6.153446548504001249e-04
6.617274177788222541e-04
5.163947606030995898e-04
5.844228128981187416e-04
6.091602864599438482e-04
6.029759180694875716e-04
6.308055758265408708e-04
6.369899442169971475e-04
6.122524706551720408e-04
5.627775235315217190e-04
6.400821284122252316e-04
3.741542876226051180e-04
6.153446548504001249e-04
5.967915496790312949e-04
6.122524706551720408e-04
6.648196019740503383e-04
5.936993654838031024e-04
5.998837338742593790e-04
5.813306287028905490e-04
5.380400499696966123e-04
5.782384445076624649e-04
6.555430493883659775e-04
6.184368390456283174e-04
6.029759180694875716e-04
5.782384445076624649e-04
6.308055758265408708e-04
5.442244183601528890e-04
5.875149970933468257e-04
6.338977600217689549e-04
6.153446548504001249e-04
5.287634973840121431e-04
5.535009709458372498e-04
5.998837338742593790e-04
5.998837338742593790e-04
5.658697077267499115e-04
3.370480772798674037e-04
5.565931551410654423e-04
5.751462603124342723e-04
5.225791289935558664e-04
5.720540761172061882e-04
6.029759180694875716e-04
5.318556815792403357e-04
6.029759180694875716e-04
5.720540761172061882e-04
2.195450778611980386e-04
5.473166025553809731e-04
5.411322341649246965e-04
5.194869447983277823e-04
5.009338396269589523e-04
5.751462603124342723e-04
5.380400499696966123e-04
5.163947606030995898e-04
5.627775235315217190e-04
5.751462603124342723e-04
5.658697077267499115e-04
5.782384445076624649e-04
5.596853393362936349e-04
5.349478657744684198e-04
5.287634973840121431e-04
5.813306287028905490e-04
5.720540761172061882e-04
4.885651028460462906e-04
5.504087867506091657e-04
4.978416554317307598e-04
5.751462603124342723e-04
5.287634973840121431e-04
5.844228128981187416e-04
5.473166025553809731e-04
5.318556815792403357e-04
5.349478657744684198e-04
5.380400499696966123e-04
5.194869447983277823e-04
4.792885502603619298e-04
5.318556815792403357e-04
5.535009709458372498e-04
5.102103922126433131e-04
5.380400499696966123e-04
4.669198134794493222e-04
5.473166025553809731e-04
5.163947606030995898e-04
5.040260238221870364e-04
6.029759180694875716e-04
5.040260238221870364e-04
5.102103922126433131e-04
4.390901557223960772e-04
4.947494712365025672e-04
5.009338396269589523e-04
4.298136031367116622e-04
5.194869447983277823e-04
5.565931551410654423e-04
4.916572870412744831e-04
5.194869447983277823e-04
4.947494712365025672e-04
5.071182080174152290e-04
5.040260238221870364e-04
4.700119976746774605e-04
5.133025764078715057e-04
2.411903672277950340e-04
5.504087867506091657e-04
4.731041818699056531e-04
5.040260238221870364e-04
4.885651028460462906e-04
4.483667083080804922e-04
4.761963660651337914e-04
4.731041818699056531e-04
5.256713131887840590e-04
5.163947606030995898e-04
4.019839453796583630e-04
4.761963660651337914e-04
4.916572870412744831e-04
4.390901557223960772e-04
4.823807344555900681e-04
4.731041818699056531e-04
4.885651028460462906e-04
4.978416554317307598e-04
4.359979715271679389e-04
3.308637088894111271e-04
5.194869447983277823e-04
4.854729186508182064e-04
5.009338396269589523e-04
5.102103922126433131e-04
4.792885502603619298e-04
4.638276292842211839e-04
4.885651028460462906e-04
4.359979715271679389e-04
4.421823399176242155e-04
4.885651028460462906e-04
4.607354450889930455e-04
5.071182080174152290e-04
4.483667083080804922e-04
4.390901557223960772e-04
3.896152085987458096e-04
5.256713131887840590e-04
4.792885502603619298e-04
4.885651028460462906e-04
4.452745241128523539e-04
4.731041818699056531e-04
4.421823399176242155e-04
4.823807344555900681e-04
4.978416554317307598e-04
4.761963660651337914e-04
4.792885502603619298e-04
5.009338396269589523e-04
4.483667083080804922e-04
4.019839453796583630e-04
4.700119976746774605e-04
4.885651028460462906e-04
4.885651028460462906e-04
4.421823399176242155e-04
4.916572870412744831e-04
4.359979715271679389e-04
4.761963660651337914e-04
4.576432608937649072e-04
4.081683137701146396e-04
4.452745241128523539e-04
4.854729186508182064e-04
4.792885502603619298e-04
4.390901557223960772e-04
4.947494712365025672e-04
4.050761295748865013e-04
4.143526821605709163e-04
4.885651028460462906e-04
4.576432608937649072e-04
4.607354450889930455e-04
5.256713131887840590e-04
4.483667083080804922e-04
4.329057873319398005e-04
4.792885502603619298e-04
4.669198134794493222e-04
3.834308402082895330e-04
4.359979715271679389e-04
4.019839453796583630e-04
4.576432608937649072e-04
4.514588925033086305e-04
4.174448663557991089e-04
4.205370505510272472e-04
4.174448663557991089e-04
3.834308402082895330e-04
4.483667083080804922e-04
4.050761295748865013e-04
4.236292347462553855e-04
3.927073927939739480e-04
4.483667083080804922e-04
4.050761295748865013e-04
4.761963660651337914e-04
3.834308402082895330e-04
3.834308402082895330e-04
4.329057873319398005e-04
2.999418669371296895e-04
3.957995769892020863e-04
4.483667083080804922e-04
4.143526821605709163e-04
3.803386560130613946e-04
4.050761295748865013e-04
3.803386560130613946e-04
4.359979715271679389e-04
4.421823399176242155e-04
4.576432608937649072e-04
4.483667083080804922e-04
4.267214189414835239e-04
4.205370505510272472e-04
4.174448663557991089e-04
4.174448663557991089e-04
4.081683137701146396e-04
4.359979715271679389e-04
4.174448663557991089e-04
4.081683137701146396e-04
4.205370505510272472e-04
4.081683137701146396e-04
4.143526821605709163e-04
3.927073927939739480e-04
4.236292347462553855e-04
3.865230244035176713e-04
3.988917611844302246e-04
2.319138146421105919e-04
4.236292347462553855e-04
4.143526821605709163e-04
4.050761295748865013e-04
3.803386560130613946e-04
4.421823399176242155e-04
4.205370505510272472e-04
4.019839453796583630e-04
4.236292347462553855e-04
4.081683137701146396e-04
4.050761295748865013e-04
3.556011824512362337e-04
3.123106037180422971e-04
4.298136031367116622e-04
4.143526821605709163e-04
3.803386560130613946e-04
3.803386560130613946e-04
3.772464718178332563e-04
4.329057873319398005e-04
4.112604979653427780e-04
3.648777350369207030e-04
4.143526821605709163e-04
3.896152085987458096e-04
3.988917611844302246e-04
3.834308402082895330e-04
3.772464718178332563e-04
3.834308402082895330e-04
3.896152085987458096e-04
4.050761295748865013e-04
3.865230244035176713e-04
4.143526821605709163e-04
3.834308402082895330e-04
3.401402614750955421e-04
3.556011824512362337e-04
3.741542876226051180e-04
3.957995769892020863e-04
3.896152085987458096e-04
3.772464718178332563e-04
3.339558930846392654e-04
3.927073927939739480e-04
3.772464718178332563e-04
4.081683137701146396e-04
3.494168140607799571e-04
3.927073927939739480e-04
3.308637088894111271e-04
4.236292347462553855e-04
3.803386560130613946e-04
4.236292347462553855e-04
3.741542876226051180e-04
3.741542876226051180e-04
4.050761295748865013e-04
3.772464718178332563e-04
3.617855508416925646e-04
3.556011824512362337e-04
3.865230244035176713e-04
3.772464718178332563e-04
3.648777350369207030e-04
3.803386560130613946e-04
4.081683137701146396e-04
3.370480772798674037e-04
3.648777350369207030e-04
3.803386560130613946e-04
3.432324456703236804e-04
3.525089982560080954e-04
4.019839453796583630e-04
3.463246298655518187e-04
3.586933666464643721e-04
3.184949721084985737e-04
3.772464718178332563e-04
3.092184195228141587e-04
3.370480772798674037e-04
3.277715246941829887e-04
3.525089982560080954e-04
3.679699192321488413e-04
3.710621034273769796e-04
3.586933666464643721e-04
3.525089982560080954e-04
3.463246298655518187e-04
3.710621034273769796e-04
3.988917611844302246e-04
3.494168140607799571e-04
3.556011824512362337e-04
3.648777350369207030e-04
3.184949721084985737e-04
3.556011824512362337e-04
3.339558930846392654e-04
3.586933666464643721e-04
3.339558930846392654e-04
3.648777350369207030e-04
3.463246298655518187e-04
3.432324456703236804e-04
3.586933666464643721e-04
3.277715246941829887e-04
3.803386560130613946e-04
3.525089982560080954e-04
3.617855508416925646e-04
3.710621034273769796e-04
3.803386560130613946e-04
3.834308402082895330e-04
3.308637088894111271e-04
3.308637088894111271e-04
3.772464718178332563e-04
3.556011824512362337e-04
3.339558930846392654e-04
3.494168140607799571e-04
2.782965775705327212e-04
3.061262353275860204e-04
3.339558930846392654e-04
3.494168140607799571e-04
3.494168140607799571e-04
3.957995769892020863e-04
3.494168140607799571e-04
3.432324456703236804e-04
3.370480772798674037e-04
3.154027879132704354e-04
3.710621034273769796e-04
3.215871563037267121e-04
3.339558930846392654e-04
3.525089982560080954e-04
3.525089982560080954e-04
3.494168140607799571e-04
3.184949721084985737e-04
3.401402614750955421e-04
3.370480772798674037e-04
3.463246298655518187e-04
3.308637088894111271e-04
3.184949721084985737e-04
3.617855508416925646e-04
2.968496827419015512e-04
3.308637088894111271e-04
3.772464718178332563e-04
3.308637088894111271e-04
3.246793404989548504e-04
3.339558930846392654e-04
3.030340511323578278e-04
3.061262353275860204e-04
3.401402614750955421e-04
3.277715246941829887e-04
2.999418669371296895e-04
3.803386560130613946e-04
3.401402614750955421e-04
3.277715246941829887e-04
3.154027879132704354e-04
2.999418669371296895e-04
3.556011824512362337e-04
3.277715246941829887e-04
3.123106037180422971e-04
3.154027879132704354e-04
3.092184195228141587e-04
3.339558930846392654e-04
2.844809459609889978e-04
3.308637088894111271e-04
3.246793404989548504e-04
3.370480772798674037e-04
3.154027879132704354e-04
2.813887617657608595e-04
2.844809459609889978e-04
3.339558930846392654e-04
3.525089982560080954e-04
3.215871563037267121e-04
3.092184195228141587e-04
3.092184195228141587e-04
3.154027879132704354e-04
3.215871563037267121e-04
3.092184195228141587e-04
3.525089982560080954e-04
3.154027879132704354e-04
2.813887617657608595e-04
3.092184195228141587e-04
3.277715246941829887e-04
3.154027879132704354e-04
2.968496827419015512e-04
3.339558930846392654e-04
3.339558930846392654e-04
3.277715246941829887e-04
3.246793404989548504e-04
3.030340511323578278e-04
3.215871563037267121e-04
3.154027879132704354e-04
3.061262353275860204e-04
3.246793404989548504e-04
2.782965775705327212e-04
3.432324456703236804e-04
2.999418669371296895e-04
3.339558930846392654e-04
2.999418669371296895e-04
2.937574985466734128e-04
3.092184195228141587e-04
2.999418669371296895e-04
2.906653143514452745e-04
1.886232359089166281e-04
2.659278407896201678e-04
3.215871563037267121e-04
3.339558930846392654e-04
2.968496827419015512e-04
3.123106037180422971e-04
2.968496827419015512e-04
2.999418669371296895e-04
2.813887617657608595e-04
3.154027879132704354e-04
2.690200249848483062e-04
2.813887617657608595e-04
3.061262353275860204e-04
3.277715246941829887e-04
2.844809459609889978e-04
2.875731301562171362e-04
2.752043933753045828e-04
3.215871563037267121e-04
2.999418669371296895e-04
2.875731301562171362e-04
3.154027879132704354e-04
2.999418669371296895e-04
3.370480772798674037e-04
2.721122091800764445e-04
3.061262353275860204e-04
3.030340511323578278e-04
3.246793404989548504e-04
3.061262353275860204e-04
2.813887617657608595e-04
2.906653143514452745e-04
2.721122091800764445e-04
2.659278407896201678e-04
2.937574985466734128e-04
3.092184195228141587e-04
2.782965775705327212e-04
2.968496827419015512e-04
3.154027879132704354e-04
2.906653143514452745e-04
2.535591040087076145e-04
2.906653143514452745e-04
2.597434723991638912e-04
2.597434723991638912e-04
2.752043933753045828e-04
2.937574985466734128e-04
2.999418669371296895e-04
2.782965775705327212e-04
2.968496827419015512e-04
2.628356565943920295e-04
3.277715246941829887e-04
2.968496827419015512e-04
2.442825514230231453e-04
2.411903672277950340e-04
2.752043933753045828e-04
2.999418669371296895e-04
2.597434723991638912e-04
2.844809459609889978e-04
2.968496827419015512e-04
2.813887617657608595e-04
2.690200249848483062e-04
2.813887617657608595e-04
2.906653143514452745e-04
3.184949721084985737e-04
2.844809459609889978e-04
3.184949721084985737e-04
2.968496827419015512e-04
2.628356565943920295e-04
2.442825514230231453e-04
2.782965775705327212e-04
2.906653143514452745e-04
2.875731301562171362e-04
2.721122091800764445e-04
2.875731301562171362e-04
2.844809459609889978e-04
2.813887617657608595e-04
2.875731301562171362e-04
2.844809459609889978e-04
2.844809459609889978e-04
2.906653143514452745e-04
2.659278407896201678e-04
2.504669198134794762e-04
2.690200249848483062e-04
2.752043933753045828e-04
2.875731301562171362e-04
2.380981830325668957e-04
2.752043933753045828e-04
2.875731301562171362e-04
2.937574985466734128e-04
2.752043933753045828e-04
2.999418669371296895e-04
2.690200249848483062e-04
2.628356565943920295e-04
2.782965775705327212e-04
2.813887617657608595e-04
2.659278407896201678e-04
2.628356565943920295e-04
2.597434723991638912e-04
3.246793404989548504e-04
3.184949721084985737e-04
2.380981830325668957e-04
2.813887617657608595e-04
2.628356565943920295e-04
2.875731301562171362e-04
2.752043933753045828e-04
2.473747356182512836e-04
2.504669198134794762e-04
2.782965775705327212e-04
2.844809459609889978e-04
2.659278407896201678e-04
3.277715246941829887e-04
2.906653143514452745e-04
2.566512882039357528e-04
2.782965775705327212e-04
2.782965775705327212e-04
2.535591040087076145e-04
2.133607094707417619e-04
3.092184195228141587e-04
2.566512882039357528e-04
2.411903672277950340e-04
2.659278407896201678e-04
2.442825514230231453e-04
2.535591040087076145e-04
1.546092097614070794e-04
2.690200249848483062e-04
2.473747356182512836e-04
2.288216304468824536e-04
2.504669198134794762e-04
2.752043933753045828e-04
2.504669198134794762e-04
2.504669198134794762e-04
2.195450778611980386e-04
2.597434723991638912e-04
2.659278407896201678e-04
2.628356565943920295e-04
2.504669198134794762e-04
2.782965775705327212e-04
2.380981830325668957e-04
2.782965775705327212e-04
2.040841568850573198e-04
2.133607094707417619e-04
2.350059988373387303e-04
2.690200249848483062e-04
2.721122091800764445e-04
2.504669198134794762e-04
2.164528936659699003e-04
2.226372620564261769e-04
2.504669198134794762e-04
2.721122091800764445e-04
2.504669198134794762e-04
2.535591040087076145e-04
2.566512882039357528e-04
2.875731301562171362e-04
2.350059988373387303e-04
2.813887617657608595e-04
1.978997884946010432e-04
2.535591040087076145e-04
2.535591040087076145e-04
2.411903672277950340e-04
2.257294462516543153e-04
2.380981830325668957e-04
2.380981830325668957e-04
2.504669198134794762e-04
2.350059988373387303e-04
2.628356565943920295e-04
2.597434723991638912e-04
2.380981830325668957e-04
2.628356565943920295e-04
2.721122091800764445e-04
2.411903672277950340e-04
2.411903672277950340e-04
2.350059988373387303e-04
2.504669198134794762e-04
2.380981830325668957e-04
2.350059988373387303e-04
1.329639203948100839e-04
2.288216304468824536e-04
2.473747356182512836e-04
2.319138146421105919e-04
2.597434723991638912e-04
2.319138146421105919e-04
2.350059988373387303e-04
2.690200249848483062e-04
2.195450778611980386e-04
2.319138146421105919e-04
2.350059988373387303e-04
2.257294462516543153e-04
2.257294462516543153e-04
2.597434723991638912e-04
2.380981830325668957e-04
2.442825514230231453e-04
2.442825514230231453e-04
2.535591040087076145e-04
1.762544991280040477e-04
2.350059988373387303e-04
2.319138146421105919e-04
2.350059988373387303e-04
2.164528936659699003e-04
2.319138146421105919e-04
2.473747356182512836e-04
2.226372620564261769e-04
2.411903672277950340e-04
2.288216304468824536e-04
2.504669198134794762e-04
2.411903672277950340e-04
2.164528936659699003e-04
2.473747356182512836e-04
2.411903672277950340e-04
2.504669198134794762e-04
2.411903672277950340e-04
2.628356565943920295e-04
2.350059988373387303e-04
2.288216304468824536e-04
2.040841568850573198e-04
2.195450778611980386e-04
1.020420784425286599e-04
2.288216304468824536e-04
1.948076042993729048e-04
2.350059988373387303e-04
2.071763410802854582e-04
1.855310517136884898e-04
1.453326571757226373e-04
2.133607094707417619e-04
2.226372620564261769e-04
1.546092097614070794e-04
2.350059988373387303e-04
2.040841568850573198e-04
2.380981830325668957e-04
2.071763410802854582e-04
2.195450778611980386e-04
2.133607094707417619e-04
2.288216304468824536e-04
2.380981830325668957e-04
2.380981830325668957e-04
2.288216304468824536e-04
2.442825514230231453e-04
2.164528936659699003e-04
2.597434723991638912e-04
2.380981830325668957e-04
2.350059988373387303e-04
2.319138146421105919e-04
2.504669198134794762e-04
2.071763410802854582e-04
2.195450778611980386e-04
1.886232359089166281e-04
2.504669198134794762e-04
2.226372620564261769e-04
2.380981830325668957e-04
1.824388675184603515e-04
2.380981830325668957e-04
2.102685252755136236e-04
2.288216304468824536e-04
2.350059988373387303e-04
2.133607094707417619e-04
2.009919726898291815e-04
2.319138146421105919e-04
2.009919726898291815e-04
2.071763410802854582e-04
2.071763410802854582e-04
2.040841568850573198e-04
2.288216304468824536e-04
2.040841568850573198e-04
2.288216304468824536e-04
2.257294462516543153e-04
2.195450778611980386e-04
2.442825514230231453e-04
1.978997884946010432e-04
2.195450778611980386e-04
2.319138146421105919e-04
2.133607094707417619e-04
2.133607094707417619e-04
2.133607094707417619e-04
2.102685252755136236e-04
1.669779465423196327e-04
2.535591040087076145e-04
2.009919726898291815e-04
1.948076042993729048e-04
2.164528936659699003e-04
1.886232359089166281e-04
2.009919726898291815e-04
2.040841568850573198e-04
2.071763410802854582e-04
2.071763410802854582e-04
2.102685252755136236e-04
2.164528936659699003e-04
2.009919726898291815e-04
2.133607094707417619e-04
2.257294462516543153e-04
2.288216304468824536e-04
2.257294462516543153e-04
2.133607094707417619e-04
1.948076042993729048e-04
2.195450778611980386e-04
2.195450778611980386e-04
2.257294462516543153e-04
2.288216304468824536e-04
2.102685252755136236e-04
2.071763410802854582e-04
1.638857623470914944e-04
2.164528936659699003e-04
1.948076042993729048e-04
2.226372620564261769e-04
1.731623149327759094e-04
1.948076042993729048e-04
2.009919726898291815e-04
1.855310517136884898e-04
2.319138146421105919e-04
2.164528936659699003e-04
2.350059988373387303e-04
2.071763410802854582e-04
1.978997884946010432e-04
2.133607094707417619e-04
2.071763410802854582e-04
2.195450778611980386e-04
2.071763410802854582e-04
2.009919726898291815e-04
2.040841568850573198e-04
1.917154201041447665e-04
2.071763410802854582e-04
2.133607094707417619e-04
2.133607094707417619e-04
2.380981830325668957e-04
1.978997884946010432e-04
2.009919726898291815e-04
1.948076042993729048e-04
2.226372620564261769e-04
1.948076042993729048e-04
1.855310517136884898e-04
1.855310517136884898e-04
1.917154201041447665e-04
2.319138146421105919e-04
1.948076042993729048e-04
2.133607094707417619e-04
1.824388675184603515e-04
2.102685252755136236e-04
2.195450778611980386e-04
1.484248413709507756e-04
1.948076042993729048e-04
1.948076042993729048e-04
2.102685252755136236e-04
2.071763410802854582e-04
2.226372620564261769e-04
1.793466833232321860e-04
2.133607094707417619e-04
1.948076042993729048e-04
2.009919726898291815e-04
1.948076042993729048e-04
1.515170255661789139e-04
2.319138146421105919e-04
1.917154201041447665e-04
1.917154201041447665e-04
1.978997884946010432e-04
2.040841568850573198e-04
2.009919726898291815e-04
1.731623149327759094e-04
1.793466833232321860e-04
1.577013939566352177e-04
2.133607094707417619e-04
1.360561045900382222e-04
1.917154201041447665e-04
2.009919726898291815e-04
1.948076042993729048e-04
1.917154201041447665e-04
1.762544991280040477e-04
1.793466833232321860e-04
1.824388675184603515e-04
2.380981830325668957e-04
1.855310517136884898e-04
1.978997884946010432e-04
2.133607094707417619e-04
1.886232359089166281e-04
1.978997884946010432e-04
2.040841568850573198e-04
1.824388675184603515e-04
1.948076042993729048e-04
2.102685252755136236e-04
2.009919726898291815e-04
1.917154201041447665e-04
2.133607094707417619e-04
1.731623149327759094e-04
1.948076042993729048e-04
1.793466833232321860e-04
1.267795520043538072e-04
1.886232359089166281e-04
2.040841568850573198e-04
1.855310517136884898e-04
2.195450778611980386e-04
1.978997884946010432e-04
1.917154201041447665e-04
1.917154201041447665e-04
1.978997884946010432e-04
1.886232359089166281e-04
1.669779465423196327e-04
1.886232359089166281e-04
5.875149970933468257e-05
1.886232359089166281e-04
1.577013939566352177e-04
1.886232359089166281e-04
1.978997884946010432e-04
2.102685252755136236e-04
1.793466833232321860e-04
1.978997884946010432e-04
1.484248413709507756e-04
1.793466833232321860e-04
2.257294462516543153e-04
1.731623149327759094e-04
2.257294462516543153e-04
2.040841568850573198e-04
1.855310517136884898e-04
1.948076042993729048e-04
1.762544991280040477e-04
2.009919726898291815e-04
1.762544991280040477e-04
1.886232359089166281e-04
1.515170255661789139e-04
1.855310517136884898e-04
1.855310517136884898e-04
2.009919726898291815e-04
1.855310517136884898e-04
1.762544991280040477e-04
1.669779465423196327e-04
1.886232359089166281e-04
1.515170255661789139e-04
1.267795520043538072e-04
1.700701307375477710e-04
1.762544991280040477e-04
1.762544991280040477e-04
1.731623149327759094e-04
1.638857623470914944e-04
1.607935781518633560e-04
1.793466833232321860e-04
1.762544991280040477e-04
1.700701307375477710e-04
1.577013939566352177e-04
1.144108152234412268e-04
1.669779465423196327e-04
1.855310517136884898e-04
2.102685252755136236e-04
1.824388675184603515e-04
1.577013939566352177e-04
1.762544991280040477e-04
1.144108152234412268e-04
1.948076042993729048e-04
1.453326571757226373e-04
1.793466833232321860e-04
1.484248413709507756e-04
1.638857623470914944e-04
1.917154201041447665e-04
1.577013939566352177e-04
1.731623149327759094e-04
1.484248413709507756e-04
1.669779465423196327e-04
1.855310517136884898e-04
1.700701307375477710e-04
1.855310517136884898e-04
1.638857623470914944e-04
1.700701307375477710e-04
1.546092097614070794e-04
1.948076042993729048e-04
1.886232359089166281e-04
1.793466833232321860e-04
1.607935781518633560e-04
1.855310517136884898e-04
1.113186310282130885e-04
1.638857623470914944e-04
1.638857623470914944e-04
1.422404729804944989e-04
1.855310517136884898e-04
1.762544991280040477e-04
1.638857623470914944e-04
1.793466833232321860e-04
1.669779465423196327e-04
1.422404729804944989e-04
1.731623149327759094e-04
1.391482887852663606e-04
1.546092097614070794e-04
1.700701307375477710e-04
6.493586809979097279e-05
1.669779465423196327e-04
1.669779465423196327e-04
1.762544991280040477e-04
1.577013939566352177e-04
1.422404729804944989e-04
1.638857623470914944e-04
1.855310517136884898e-04
1.638857623470914944e-04
1.793466833232321860e-04
9.585771005207238324e-05
1.855310517136884898e-04
1.793466833232321860e-04
1.700701307375477710e-04
1.793466833232321860e-04
1.855310517136884898e-04
1.607935781518633560e-04
1.669779465423196327e-04
1.669779465423196327e-04
1.546092097614070794e-04
1.546092097614070794e-04
1.917154201041447665e-04
1.731623149327759094e-04
1.762544991280040477e-04
1.762544991280040477e-04
1.855310517136884898e-04
1.978997884946010432e-04
1.607935781518633560e-04
1.700701307375477710e-04
1.700701307375477710e-04
1.422404729804944989e-04
1.824388675184603515e-04
1.731623149327759094e-04
1.824388675184603515e-04
1.607935781518633560e-04
1.267795520043538072e-04
1.793466833232321860e-04
1.638857623470914944e-04
1.855310517136884898e-04
1.607935781518633560e-04
1.607935781518633560e-04
1.731623149327759094e-04
1.669779465423196327e-04
1.762544991280040477e-04
1.700701307375477710e-04
1.484248413709507756e-04
1.546092097614070794e-04
1.638857623470914944e-04
1.391482887852663606e-04
1.886232359089166281e-04
1.669779465423196327e-04
1.762544991280040477e-04
1.577013939566352177e-04
1.700701307375477710e-04
1.515170255661789139e-04
1.731623149327759094e-04
1.700701307375477710e-04
1.793466833232321860e-04
1.793466833232321860e-04
1.978997884946010432e-04
1.360561045900382222e-04
1.546092097614070794e-04
1.577013939566352177e-04
1.669779465423196327e-04
1.762544991280040477e-04
1.515170255661789139e-04
1.669779465423196327e-04
1.669779465423196327e-04
1.577013939566352177e-04
1.484248413709507756e-04
1.515170255661789139e-04
1.577013939566352177e-04
1.360561045900382222e-04
1.577013939566352177e-04
1.824388675184603515e-04
1.824388675184603515e-04
1.700701307375477710e-04
1.484248413709507756e-04
1.546092097614070794e-04
1.577013939566352177e-04
1.607935781518633560e-04
1.669779465423196327e-04
1.391482887852663606e-04
1.236873678091256418e-04
1.236873678091256418e-04
1.422404729804944989e-04
1.236873678091256418e-04
1.577013939566352177e-04
1.422404729804944989e-04
1.638857623470914944e-04
1.577013939566352177e-04
1.484248413709507756e-04
1.051342626377568118e-04
1.669779465423196327e-04
1.669779465423196327e-04
1.577013939566352177e-04
1.422404729804944989e-04
1.577013939566352177e-04
1.546092097614070794e-04
1.329639203948100839e-04
1.391482887852663606e-04
1.329639203948100839e-04
1.700701307375477710e-04
1.453326571757226373e-04
1.607935781518633560e-04
1.515170255661789139e-04
1.607935781518633560e-04
1.793466833232321860e-04
1.360561045900382222e-04
1.484248413709507756e-04
1.144108152234412268e-04
1.607935781518633560e-04
1.391482887852663606e-04
1.360561045900382222e-04
1.360561045900382222e-04
1.577013939566352177e-04
1.700701307375477710e-04
1.360561045900382222e-04
1.360561045900382222e-04
1.453326571757226373e-04
1.700701307375477710e-04
1.546092097614070794e-04
1.546092097614070794e-04
1.422404729804944989e-04
1.515170255661789139e-04
1.267795520043538072e-04
1.607935781518633560e-04
1.638857623470914944e-04
1.669779465423196327e-04
1.422404729804944989e-04
1.391482887852663606e-04
1.515170255661789139e-04
1.607935781518633560e-04
1.298717361995819456e-04
1.298717361995819456e-04
1.360561045900382222e-04
1.515170255661789139e-04
1.484248413709507756e-04
1.577013939566352177e-04
1.360561045900382222e-04
1.515170255661789139e-04
1.546092097614070794e-04
1.144108152234412268e-04
1.391482887852663606e-04
1.175029994186693651e-04
1.515170255661789139e-04
1.515170255661789139e-04
1.422404729804944989e-04
1.700701307375477710e-04
1.453326571757226373e-04
1.484248413709507756e-04
1.082264468329849501e-04
1.484248413709507756e-04
1.422404729804944989e-04
1.515170255661789139e-04
1.020420784425286599e-04
1.731623149327759094e-04
1.422404729804944989e-04
1.391482887852663606e-04
1.422404729804944989e-04
1.267795520043538072e-04
1.607935781518633560e-04
1.515170255661789139e-04
1.484248413709507756e-04
1.360561045900382222e-04
1.577013939566352177e-04
1.298717361995819456e-04
1.700701307375477710e-04
1.484248413709507756e-04
1.453326571757226373e-04
1.515170255661789139e-04
1.329639203948100839e-04
1.360561045900382222e-04
1.360561045900382222e-04
1.515170255661789139e-04
1.484248413709507756e-04
1.391482887852663606e-04
8.348897327115981635e-05
1.607935781518633560e-04
1.484248413709507756e-04
1.391482887852663606e-04
1.144108152234412268e-04
1.082264468329849501e-04
1.236873678091256418e-04
1.391482887852663606e-04
1.267795520043538072e-04
1.360561045900382222e-04
1.453326571757226373e-04
1.515170255661789139e-04
1.360561045900382222e-04
1.577013939566352177e-04
1.638857623470914944e-04
1.453326571757226373e-04
1.577013939566352177e-04
1.546092097614070794e-04
1.669779465423196327e-04
1.298717361995819456e-04
1.360561045900382222e-04
1.267795520043538072e-04
1.515170255661789139e-04
1.391482887852663606e-04
1.298717361995819456e-04
1.360561045900382222e-04
1.700701307375477710e-04
1.638857623470914944e-04
1.515170255661789139e-04
1.422404729804944989e-04
1.391482887852663606e-04
1.236873678091256418e-04
1.236873678091256418e-04
1.515170255661789139e-04
1.422404729804944989e-04
1.298717361995819456e-04
1.422404729804944989e-04
1.360561045900382222e-04
1.484248413709507756e-04
1.267795520043538072e-04
1.484248413709507756e-04
1.391482887852663606e-04
1.236873678091256418e-04
1.638857623470914944e-04
1.515170255661789139e-04
1.546092097614070794e-04
1.329639203948100839e-04
1.329639203948100839e-04
1.113186310282130885e-04
1.175029994186693651e-04
1.453326571757226373e-04
1.422404729804944989e-04
1.391482887852663606e-04
1.453326571757226373e-04
1.484248413709507756e-04
1.175029994186693651e-04
1.515170255661789139e-04
1.236873678091256520e-05
1.391482887852663606e-04
1.329639203948100839e-04
9.894989424730052158e-05
1.360561045900382222e-04
1.546092097614070794e-04
1.453326571757226373e-04
1.391482887852663606e-04
1.515170255661789139e-04
1.329639203948100839e-04
1.360561045900382222e-04
1.391482887852663606e-04
1.082264468329849501e-04
1.267795520043538072e-04
1.329639203948100839e-04
1.236873678091256418e-04
1.453326571757226373e-04
1.329639203948100839e-04
1.175029994186693651e-04
1.267795520043538072e-04
1.484248413709507756e-04
1.267795520043538072e-04
1.113186310282130885e-04
1.422404729804944989e-04
1.360561045900382222e-04
1.360561045900382222e-04
1.453326571757226373e-04
1.175029994186693651e-04
1.546092097614070794e-04
1.360561045900382222e-04
1.267795520043538072e-04
1.391482887852663606e-04
1.360561045900382222e-04
1.236873678091256418e-04
1.515170255661789139e-04
1.329639203948100839e-04
1.360561045900382222e-04
1.577013939566352177e-04
1.360561045900382222e-04
1.577013939566352177e-04
1.329639203948100839e-04
1.267795520043538072e-04
9.585771005207238324e-05
1.051342626377568118e-04
1.360561045900382222e-04
1.422404729804944989e-04
1.391482887852663606e-04
1.422404729804944989e-04
1.422404729804944989e-04
1.577013939566352177e-04
1.175029994186693651e-04
1.515170255661789139e-04
1.298717361995819456e-04
1.391482887852663606e-04
1.175029994186693651e-04
1.236873678091256418e-04
1.267795520043538072e-04
1.267795520043538072e-04
1.422404729804944989e-04
8.967334166161609302e-05
1.360561045900382222e-04
1.082264468329849501e-04
1.205951836138975170e-04
1.391482887852663606e-04
1.577013939566352177e-04
1.391482887852663606e-04
1.329639203948100839e-04
1.391482887852663606e-04
1.113186310282130885e-04
1.267795520043538072e-04
1.329639203948100839e-04
1.082264468329849501e-04
1.484248413709507756e-04
1.113186310282130885e-04
1.329639203948100839e-04
1.484248413709507756e-04
1.082264468329849501e-04
1.113186310282130885e-04
1.422404729804944989e-04
1.298717361995819456e-04
1.422404729804944989e-04
1.360561045900382222e-04
1.205951836138975170e-04
1.267795520043538072e-04
1.360561045900382222e-04
1.051342626377568118e-04
1.360561045900382222e-04
1.298717361995819456e-04
1.360561045900382222e-04
1.175029994186693651e-04
1.391482887852663606e-04
1.329639203948100839e-04
1.236873678091256418e-04
1.236873678091256418e-04
1.236873678091256418e-04
1.298717361995819456e-04
1.236873678091256418e-04
1.329639203948100839e-04
1.298717361995819456e-04
1.175029994186693651e-04
1.082264468329849501e-04
1.082264468329849501e-04
1.453326571757226373e-04
1.391482887852663606e-04
1.175029994186693651e-04
1.360561045900382222e-04
1.236873678091256418e-04
1.236873678091256418e-04
1.453326571757226373e-04
1.453326571757226373e-04
1.484248413709507756e-04
1.113186310282130885e-04
6.802805229501911112e-05
1.144108152234412268e-04
1.298717361995819456e-04
1.175029994186693651e-04
1.360561045900382222e-04
1.391482887852663606e-04
1.113186310282130885e-04
1.391482887852663606e-04
1.236873678091256418e-04
1.113186310282130885e-04
9.585771005207238324e-05
1.391482887852663606e-04
1.205951836138975170e-04
9.585771005207238324e-05
1.205951836138975170e-04
1.298717361995819456e-04
1.391482887852663606e-04
1.360561045900382222e-04
1.391482887852663606e-04
1.236873678091256418e-04
1.329639203948100839e-04
1.267795520043538072e-04
1.144108152234412268e-04
1.298717361995819456e-04
1.267795520043538072e-04
1.113186310282130885e-04
1.267795520043538072e-04
1.205951836138975170e-04
1.298717361995819456e-04
1.329639203948100839e-04
1.175029994186693651e-04
1.205951836138975170e-04
1.298717361995819456e-04
1.205951836138975170e-04
1.298717361995819456e-04
1.113186310282130885e-04
1.422404729804944989e-04
1.236873678091256418e-04
1.082264468329849501e-04
1.360561045900382222e-04
1.484248413709507756e-04
9.894989424730052158e-05
1.329639203948100839e-04
1.205951836138975170e-04
1.267795520043538072e-04
1.329639203948100839e-04
1.360561045900382222e-04
1.051342626377568118e-04
1.267795520043538072e-04
1.051342626377568118e-04
1.236873678091256418e-04
1.113186310282130885e-04
1.205951836138975170e-04
1.082264468329849501e-04
1.144108152234412268e-04
1.144108152234412268e-04
1.360561045900382222e-04
1.267795520043538072e-04
1.267795520043538072e-04
1.144108152234412268e-04
1.175029994186693651e-04
1.175029994186693651e-04
1.329639203948100839e-04
1.144108152234412268e-04
1.082264468329849501e-04
1.329639203948100839e-04
1.175029994186693651e-04
1.082264468329849501e-04
1.236873678091256418e-04
7.730460488070353968e-05
1.422404729804944989e-04
1.175029994186693651e-04
1.082264468329849501e-04
1.267795520043538072e-04
1.144108152234412268e-04
1.267795520043538072e-04
8.967334166161609302e-05
8.967334166161609302e-05
1.082264468329849501e-04
8.348897327115981635e-05
1.205951836138975170e-04
1.205951836138975170e-04
1.082264468329849501e-04
1.236873678091256418e-04
1.113186310282130885e-04
9.894989424730052158e-05
1.113186310282130885e-04
1.144108152234412268e-04
1.082264468329849501e-04
1.175029994186693651e-04
1.144108152234412268e-04
1.205951836138975170e-04
8.658115746638795469e-05
1.298717361995819456e-04
1.205951836138975170e-04
1.020420784425286599e-04
1.051342626377568118e-04
9.894989424730052158e-05
1.113186310282130885e-04
1.051342626377568118e-04
1.020420784425286599e-04
1.144108152234412268e-04
1.298717361995819456e-04
1.113186310282130885e-04
1.360561045900382222e-04
8.348897327115981635e-05
1.113186310282130885e-04
1.051342626377568118e-04
0.000000000000000000e+00
1.205951836138975170e-04
1.113186310282130885e-04
1.391482887852663606e-04
1.267795520043538072e-04
1.082264468329849501e-04
1.113186310282130885e-04
1.205951836138975170e-04
1.144108152234412268e-04
1.082264468329849501e-04
9.894989424730052158e-05
8.348897327115981635e-05
1.236873678091256418e-04
1.113186310282130885e-04
1.236873678091256418e-04
1.298717361995819456e-04
1.267795520043538072e-04
9.585771005207238324e-05
1.113186310282130885e-04
1.267795520043538072e-04
1.113186310282130885e-04
1.113186310282130885e-04
1.144108152234412268e-04
1.205951836138975170e-04
1.205951836138975170e-04
1.020420784425286599e-04
1.175029994186693651e-04
1.175029994186693651e-04
9.276552585684424491e-05
1.236873678091256418e-04
1.020420784425286599e-04
1.175029994186693651e-04
1.144108152234412268e-04
1.051342626377568118e-04
1.082264468329849501e-04
5.565931551410654423e-05
1.051342626377568118e-04
8.039678907593167802e-05
1.082264468329849501e-04
1.175029994186693651e-04
1.205951836138975170e-04
1.113186310282130885e-04
1.082264468329849501e-04
1.051342626377568118e-04
1.113186310282130885e-04
1.020420784425286599e-04
1.051342626377568118e-04
1.020420784425286599e-04
1.205951836138975170e-04
1.113186310282130885e-04
9.585771005207238324e-05
1.082264468329849501e-04
1.236873678091256418e-04
9.894989424730052158e-05
1.082264468329849501e-04
9.585771005207238324e-05
1.113186310282130885e-04
1.051342626377568118e-04
8.039678907593167802e-05
1.020420784425286599e-04
1.051342626377568118e-04
1.236873678091256418e-04
1.051342626377568118e-04
8.967334166161609302e-05
1.082264468329849501e-04
1.144108152234412268e-04
1.175029994186693651e-04
1.236873678091256418e-04
1.205951836138975170e-04
1.175029994186693651e-04
1.051342626377568118e-04
1.144108152234412268e-04
1.082264468329849501e-04
1.236873678091256418e-04
1.082264468329849501e-04
1.144108152234412268e-04
1.175029994186693651e-04
9.585771005207238324e-05
1.144108152234412268e-04
1.329639203948100839e-04
1.051342626377568118e-04
9.894989424730052158e-05
8.658115746638795469e-05
1.144108152234412268e-04
1.051342626377568118e-04
1.144108152234412268e-04
1.144108152234412268e-04
9.894989424730052158e-05
1.175029994186693651e-04
1.175029994186693651e-04
8.967334166161609302e-05
1.051342626377568118e-04
9.585771005207238324e-05
1.020420784425286599e-04
9.894989424730052158e-05
9.894989424730052158e-05
9.585771005207238324e-05
9.585771005207238324e-05
1.020420784425286599e-04
1.236873678091256418e-04
1.082264468329849501e-04
9.276552585684424491e-05
1.020420784425286599e-04
1.020420784425286599e-04
1.020420784425286599e-04
1.144108152234412268e-04
1.082264468329849501e-04
1.144108152234412268e-04
8.658115746638795469e-05
1.082264468329849501e-04
9.276552585684424491e-05
1.020420784425286599e-04
1.082264468329849501e-04
1.082264468329849501e-04
1.020420784425286599e-04
1.020420784425286599e-04
9.894989424730052158e-05
9.894989424730052158e-05
9.276552585684424491e-05
1.020420784425286599e-04
1.051342626377568118e-04
1.113186310282130885e-04
1.082264468329849501e-04
1.082264468329849501e-04
1.082264468329849501e-04
1.113186310282130885e-04
9.894989424730052158e-05
1.205951836138975170e-04
1.113186310282130885e-04
9.894989424730052158e-05
1.082264468329849501e-04
1.051342626377568118e-04
1.051342626377568118e-04
1.236873678091256418e-04
1.236873678091256418e-04
1.113186310282130885e-04
9.894989424730052158e-05
8.039678907593167802e-05
1.082264468329849501e-04
9.585771005207238324e-05
1.051342626377568118e-04
8.967334166161609302e-05
8.039678907593167802e-05
1.020420784425286599e-04
1.082264468329849501e-04
1.175029994186693651e-04
1.175029994186693651e-04
9.585771005207238324e-05
9.585771005207238324e-05
7.421242068547538779e-05
1.175029994186693651e-04
9.894989424730052158e-05
9.894989424730052158e-05
1.082264468329849501e-04
9.276552585684424491e-05
8.039678907593167802e-05
1.082264468329849501e-04
1.113186310282130885e-04
1.082264468329849501e-04
1.144108152234412268e-04
1.020420784425286599e-04
1.051342626377568118e-04
9.276552585684424491e-05
1.113186310282130885e-04
9.585771005207238324e-05
8.658115746638795469e-05
1.205951836138975170e-04
1.051342626377568118e-04
1.020420784425286599e-04
9.585771005207238324e-05
9.894989424730052158e-05
9.585771005207238324e-05
1.051342626377568118e-04
9.894989424730052158e-05
8.967334166161609302e-05
9.585771005207238324e-05
9.585771005207238324e-05
1.020420784425286599e-04
9.585771005207238324e-05
9.276552585684424491e-05
9.585771005207238324e-05
7.730460488070353968e-05
9.585771005207238324e-05
1.144108152234412268e-04
9.276552585684424491e-05
8.348897327115981635e-05
9.585771005207238324e-05
1.113186310282130885e-04
1.020420784425286599e-04
8.348897327115981635e-05
1.113186310282130885e-04
9.276552585684424491e-05
9.585771005207238324e-05
8.967334166161609302e-05
1.113186310282130885e-04
9.585771005207238324e-05
1.020420784425286599e-04
9.585771005207238324e-05
1.082264468329849501e-04
9.276552585684424491e-05
8.348897327115981635e-05
8.967334166161609302e-05
1.051342626377568118e-04
1.051342626377568118e-04
1.175029994186693651e-04
7.730460488070353968e-05
9.894989424730052158e-05
1.113186310282130885e-04
9.585771005207238324e-05
9.894989424730052158e-05
7.730460488070353968e-05
1.144108152234412268e-04
9.276552585684424491e-05
1.144108152234412268e-04
7.730460488070353968e-05
9.585771005207238324e-05
9.585771005207238324e-05
8.039678907593167802e-05
9.585771005207238324e-05
1.113186310282130885e-04
1.113186310282130885e-04
8.658115746638795469e-05
8.967334166161609302e-05
1.020420784425286599e-04
1.082264468329849501e-04
8.967334166161609302e-05
1.144108152234412268e-04
8.658115746638795469e-05
1.082264468329849501e-04
1.175029994186693651e-04
8.039678907593167802e-05
8.967334166161609302e-05
1.175029994186693651e-04
8.658115746638795469e-05
8.658115746638795469e-05
9.894989424730052158e-05
9.276552585684424491e-05
8.658115746638795469e-05
5.256713131887840590e-05
1.082264468329849501e-04
9.585771005207238324e-05
5.875149970933468257e-05
6.184368390456282090e-05
8.348897327115981635e-05
9.276552585684424491e-05
9.585771005207238324e-05
1.113186310282130885e-04
8.967334166161609302e-05
1.020420784425286599e-04
1.020420784425286599e-04
1.020420784425286599e-04
8.967334166161609302e-05
8.967334166161609302e-05
8.658115746638795469e-05
8.658115746638795469e-05
1.082264468329849501e-04
9.276552585684424491e-05
1.020420784425286599e-04
8.658115746638795469e-05
8.967334166161609302e-05
8.967334166161609302e-05
8.658115746638795469e-05
8.658115746638795469e-05
1.113186310282130885e-04
9.894989424730052158e-05
7.730460488070353968e-05
9.894989424730052158e-05
9.276552585684424491e-05
9.276552585684424491e-05
8.658115746638795469e-05
8.967334166161609302e-05
9.585771005207238324e-05
9.894989424730052158e-05
8.658115746638795469e-05
1.020420784425286599e-04
8.348897327115981635e-05
9.894989424730052158e-05
1.082264468329849501e-04
9.894989424730052158e-05
9.585771005207238324e-05
9.894989424730052158e-05
1.082264468329849501e-04
9.894989424730052158e-05
1.020420784425286599e-04
8.348897327115981635e-05
6.802805229501911112e-05
9.585771005207238324e-05
8.039678907593167802e-05
9.276552585684424491e-05
8.039678907593167802e-05
8.348897327115981635e-05
7.730460488070353968e-05
9.894989424730052158e-05
1.051342626377568118e-04
6.802805229501911112e-05
7.421242068547538779e-05
1.051342626377568118e-04
9.585771005207238324e-05
9.276552585684424491e-05
1.020420784425286599e-04
5.565931551410654423e-05
9.894989424730052158e-05
9.585771005207238324e-05
8.658115746638795469e-05
7.421242068547538779e-05
9.585771005207238324e-05
1.051342626377568118e-04
8.658115746638795469e-05
7.421242068547538779e-05
9.276552585684424491e-05
7.730460488070353968e-05
9.276552585684424491e-05
9.585771005207238324e-05
8.348897327115981635e-05
5.875149970933468257e-05
6.184368390456282090e-05
7.421242068547538779e-05
8.967334166161609302e-05
8.658115746638795469e-05
9.894989424730052158e-05
9.276552585684424491e-05
9.585771005207238324e-05
7.112023649024724946e-05
8.967334166161609302e-05
9.894989424730052158e-05
7.112023649024724946e-05
1.051342626377568118e-04
8.039678907593167802e-05
9.276552585684424491e-05
8.039678907593167802e-05
8.658115746638795469e-05
1.020420784425286599e-04
9.585771005207238324e-05
9.276552585684424491e-05
8.348897327115981635e-05
8.348897327115981635e-05
8.348897327115981635e-05
8.658115746638795469e-05
8.348897327115981635e-05
8.658115746638795469e-05
7.730460488070353968e-05
7.730460488070353968e-05
9.894989424730052158e-05
8.658115746638795469e-05
9.585771005207238324e-05
8.348897327115981635e-05
8.658115746638795469e-05
9.276552585684424491e-05
7.421242068547538779e-05
9.585771005207238324e-05
9.276552585684424491e-05
8.039678907593167802e-05
8.658115746638795469e-05
8.348897327115981635e-05
7.112023649024724946e-05
9.276552585684424491e-05
9.894989424730052158e-05
6.493586809979097279e-05
8.039678907593167802e-05
6.802805229501911112e-05
1.020420784425286599e-04
7.421242068547538779e-05
8.967334166161609302e-05
9.276552585684424491e-05
7.112023649024724946e-05
9.894989424730052158e-05
7.730460488070353968e-05
8.967334166161609302e-05
7.730460488070353968e-05
8.039678907593167802e-05
8.658115746638795469e-05
9.276552585684424491e-05
8.967334166161609302e-05
9.894989424730052158e-05
6.802805229501911112e-05
8.658115746638795469e-05
8.039678907593167802e-05
6.184368390456282090e-05
5.565931551410654423e-05
8.967334166161609302e-05
4.947494712365026079e-05
7.730460488070353968e-05
8.348897327115981635e-05
9.585771005207238324e-05
7.730460488070353968e-05
7.421242068547538779e-05
7.730460488070353968e-05
7.421242068547538779e-05
9.585771005207238324e-05
9.276552585684424491e-05
9.276552585684424491e-05
8.039678907593167802e-05
7.421242068547538779e-05
8.967334166161609302e-05
7.421242068547538779e-05
9.894989424730052158e-05
9.276552585684424491e-05
4.329057873319397734e-05
1.020420784425286599e-04
8.658115746638795469e-05
8.039678907593167802e-05
8.967334166161609302e-05
9.585771005207238324e-05
8.348897327115981635e-05
8.348897327115981635e-05
1.020420784425286599e-04
9.894989424730052158e-05
1.020420784425286599e-04
5.256713131887840590e-05
8.348897327115981635e-05
9.894989424730052158e-05
7.730460488070353968e-05
7.730460488070353968e-05
8.039678907593167802e-05
7.421242068547538779e-05
8.348897327115981635e-05
8.039678907593167802e-05
8.658115746638795469e-05
5.256713131887840590e-05
8.039678907593167802e-05
1.020420784425286599e-04
7.112023649024724946e-05
7.421242068547538779e-05
6.493586809979097279e-05
7.730460488070353968e-05
4.329057873319397734e-05
9.276552585684424491e-05
7.112023649024724946e-05
8.967334166161609302e-05
3.092184195228141045e-05
7.730460488070353968e-05
7.421242068547538779e-05
5.875149970933468257e-05
9.276552585684424491e-05
7.421242068547538779e-05
0.000000000000000000e+00
7.421242068547538779e-05
7.112023649024724946e-05
7.112023649024724946e-05
5.256713131887840590e-05
7.421242068547538779e-05
6.493586809979097279e-05
9.276552585684424491e-05
6.802805229501911112e-05
9.585771005207238324e-05
7.112023649024724946e-05
6.493586809979097279e-05
7.112023649024724946e-05
6.802805229501911112e-05
8.039678907593167802e-05
5.875149970933468257e-05
8.658115746638795469e-05
7.421242068547538779e-05
9.894989424730052158e-05
8.658115746638795469e-05
8.348897327115981635e-05
9.894989424730052158e-05
9.276552585684424491e-05
9.585771005207238324e-05
9.894989424730052158e-05
9.585771005207238324e-05
9.585771005207238324e-05
9.585771005207238324e-05
7.112023649024724946e-05
8.658115746638795469e-05
4.638276292842212245e-05
8.658115746638795469e-05
7.730460488070353968e-05
8.039678907593167802e-05
6.493586809979097279e-05
8.348897327115981635e-05
8.348897327115981635e-05
8.348897327115981635e-05
7.421242068547538779e-05
7.421242068547538779e-05
9.276552585684424491e-05
5.875149970933468257e-05
8.039678907593167802e-05
7.112023649024724946e-05
7.730460488070353968e-05
8.039678907593167802e-05
7.730460488070353968e-05
7.730460488070353968e-05
8.348897327115981635e-05
6.184368390456282090e-05
6.184368390456282090e-05
8.348897327115981635e-05
7.112023649024724946e-05
7.730460488070353968e-05
8.658115746638795469e-05
5.875149970933468257e-05
8.658115746638795469e-05
7.421242068547538779e-05
7.421242068547538779e-05
7.730460488070353968e-05
8.967334166161609302e-05
5.256713131887840590e-05
8.348897327115981635e-05
8.039678907593167802e-05
8.658115746638795469e-05
8.039678907593167802e-05
8.039678907593167802e-05
4.638276292842212245e-05
7.421242068547538779e-05
8.967334166161609302e-05
7.421242068547538779e-05
5.256713131887840590e-05
8.348897327115981635e-05
7.421242068547538779e-05
7.730460488070353968e-05
8.039678907593167802e-05
7.112023649024724946e-05
7.421242068547538779e-05
8.658115746638795469e-05
8.348897327115981635e-05
9.276552585684424491e-05
7.730460488070353968e-05
6.184368390456282090e-05
6.184368390456282090e-05
6.184368390456282090e-05
8.039678907593167802e-05
8.658115746638795469e-05
8.348897327115981635e-05
6.184368390456282599e-06
2.164528936659698867e-05
7.730460488070353968e-05
7.421242068547538779e-05
6.184368390456282090e-05
8.967334166161609302e-05
5.565931551410654423e-05
8.039678907593167802e-05
5.875149970933468257e-05
7.112023649024724946e-05
9.276552585684424491e-05
7.112023649024724946e-05
6.802805229501911112e-05
9.276552585684424491e-05
5.875149970933468257e-05
8.039678907593167802e-05
8.039678907593167802e-05
6.184368390456282090e-05
7.421242068547538779e-05
8.039678907593167802e-05
7.112023649024724946e-05
8.348897327115981635e-05
6.493586809979097279e-05
6.802805229501911112e-05
8.967334166161609302e-05
7.730460488070353968e-05
7.730460488070353968e-05
7.421242068547538779e-05
7.112023649024724946e-05
7.730460488070353968e-05
6.493586809979097279e-05
5.565931551410654423e-05
7.421242068547538779e-05
7.112023649024724946e-05
6.493586809979097279e-05
8.967334166161609302e-05
7.730460488070353968e-05
3.710621034273769390e-05
7.112023649024724946e-05
7.730460488070353968e-05
7.730460488070353968e-05
7.730460488070353968e-05
6.493586809979097279e-05
7.112023649024724946e-05
7.730460488070353968e-05
6.802805229501911112e-05
4.329057873319397734e-05
6.802805229501911112e-05
8.658115746638795469e-05
8.658115746638795469e-05
7.730460488070353968e-05
7.730460488070353968e-05
8.348897327115981635e-05
6.493586809979097279e-05
6.493586809979097279e-05
6.493586809979097279e-05
7.112023649024724946e-05
7.730460488070353968e-05
6.493586809979097279e-05
8.039678907593167802e-05
7.421242068547538779e-05
8.039678907593167802e-05
6.184368390456282090e-05
6.184368390456282090e-05
7.421242068547538779e-05
4.329057873319397734e-05
6.493586809979097279e-05
8.658115746638795469e-05
6.184368390456282090e-05
7.730460488070353968e-05
8.039678907593167802e-05
7.112023649024724946e-05
6.802805229501911112e-05
6.184368390456282090e-05
5.565931551410654423e-05
7.112023649024724946e-05
7.730460488070353968e-05
5.875149970933468257e-05
7.421242068547538779e-05
5.875149970933468257e-05
7.112023649024724946e-05
5.565931551410654423e-05
7.112023649024724946e-05
7.421242068547538779e-05
7.421242068547538779e-05
7.112023649024724946e-05
7.730460488070353968e-05
8.039678907593167802e-05
8.348897327115981635e-05
7.730460488070353968e-05
6.802805229501911112e-05
6.184368390456282090e-05
6.802805229501911112e-05
8.039678907593167802e-05
7.112023649024724946e-05
7.421242068547538779e-05
8.348897327115981635e-05
6.493586809979097279e-05
6.184368390456282090e-05
7.730460488070353968e-05
8.348897327115981635e-05
8.658115746638795469e-05
7.421242068547538779e-05
6.493586809979097279e-05
7.112023649024724946e-05
7.112023649024724946e-05
8.039678907593167802e-05
7.421242068547538779e-05
8.039678907593167802e-05
6.802805229501911112e-05
5.565931551410654423e-05
6.493586809979097279e-05
7.421242068547538779e-05
7.421242068547538779e-05
7.730460488070353968e-05
6.802805229501911112e-05
7.421242068547538779e-05
6.493586809979097279e-05
7.730460488070353968e-05
6.493586809979097279e-05
5.565931551410654423e-05
7.112023649024724946e-05
6.184368390456282090e-05
6.493586809979097279e-05
5.875149970933468257e-05
2.164528936659698867e-05
6.184368390456282090e-05
7.730460488070353968e-05
6.802805229501911112e-05
5.875149970933468257e-05
8.039678907593167802e-05
6.184368390456282090e-05
6.493586809979097279e-05
6.802805229501911112e-05
7.112023649024724946e-05
6.802805229501911112e-05
6.802805229501911112e-05
7.112023649024724946e-05
8.039678907593167802e-05
8.348897327115981635e-05
7.730460488070353968e-05
7.421242068547538779e-05
8.039678907593167802e-05
5.875149970933468257e-05
6.802805229501911112e-05
8.039678907593167802e-05
6.184368390456282090e-05
4.947494712365026079e-05
6.802805229501911112e-05
5.565931551410654423e-05
5.565931551410654423e-05
7.730460488070353968e-05
3.710621034273769390e-05
7.112023649024724946e-05
4.329057873319397734e-05
2.473747356182513039e-05
7.421242068547538779e-05
6.802805229501911112e-05
6.184368390456282090e-05
8.039678907593167802e-05
8.348897327115981635e-05
6.184368390456282090e-05
6.802805229501911112e-05
6.493586809979097279e-05
7.730460488070353968e-05
4.019839453796583901e-05
6.184368390456282090e-05
8.348897327115981635e-05
7.421242068547538779e-05
6.802805229501911112e-05
6.184368390456282090e-05
5.256713131887840590e-05
5.875149970933468257e-05
6.802805229501911112e-05
5.256713131887840590e-05
6.802805229501911112e-05
6.802805229501911112e-05
6.184368390456282090e-05
5.875149970933468257e-05
8.039678907593167802e-05
8.039678907593167802e-05
3.710621034273769390e-05
6.184368390456282090e-05
6.184368390456282090e-05
5.256713131887840590e-05
6.802805229501911112e-05
6.184368390456282090e-05
6.802805229501911112e-05
4.947494712365026079e-05
6.802805229501911112e-05
7.112023649024724946e-05
5.565931551410654423e-05
5.875149970933468257e-05
5.875149970933468257e-05
6.802805229501911112e-05
7.112023649024724946e-05
3.092184195228141045e-05
7.730460488070353968e-05
7.112023649024724946e-05
8.039678907593167802e-05
7.112023649024724946e-05
6.802805229501911112e-05
7.112023649024724946e-05
6.802805229501911112e-05
6.802805229501911112e-05
6.493586809979097279e-05
4.947494712365026079e-05
4.947494712365026079e-05
6.802805229501911112e-05
5.875149970933468257e-05
7.730460488070353968e-05
7.112023649024724946e-05
6.493586809979097279e-05
6.802805229501911112e-05
6.802805229501911112e-05
5.875149970933468257e-05
6.184368390456282090e-05
6.802805229501911112e-05
7.112023649024724946e-05
4.019839453796583901e-05
6.493586809979097279e-05
7.730460488070353968e-05
6.802805229501911112e-05
6.493586809979097279e-05
6.493586809979097279e-05
6.493586809979097279e-05
7.421242068547538779e-05
8.039678907593167802e-05
5.565931551410654423e-05
5.565931551410654423e-05
7.421242068547538779e-05
5.256713131887840590e-05
7.421242068547538779e-05
4.947494712365026079e-05
4.638276292842212245e-05
7.112023649024724946e-05
6.802805229501911112e-05
5.875149970933468257e-05
5.256713131887840590e-05
4.947494712365026079e-05
1.546092097614070523e-05
5.875149970933468257e-05
7.112023649024724946e-05
5.875149970933468257e-05
7.421242068547538779e-05
7.421242068547538779e-05
6.184368390456282090e-05
5.256713131887840590e-05
6.493586809979097279e-05
4.638276292842212245e-05
5.875149970933468257e-05
6.493586809979097279e-05
6.802805229501911112e-05
6.802805229501911112e-05
3.710621034273769390e-05
5.875149970933468257e-05
7.421242068547538779e-05
5.565931551410654423e-05
7.421242068547538779e-05
7.730460488070353968e-05
5.565931551410654423e-05
5.256713131887840590e-05
6.802805229501911112e-05
6.184368390456282090e-05
5.256713131887840590e-05
6.493586809979097279e-05
6.184368390456282090e-05
5.875149970933468257e-05
4.329057873319397734e-05
7.421242068547538779e-05
5.256713131887840590e-05
6.184368390456282090e-05
6.493586809979097279e-05
5.256713131887840590e-05
6.493586809979097279e-05
5.875149970933468257e-05
7.112023649024724946e-05
6.493586809979097279e-05
7.421242068547538779e-05
6.802805229501911112e-05
6.184368390456282090e-05
6.802805229501911112e-05
7.112023649024724946e-05
5.875149970933468257e-05
7.421242068547538779e-05
7.421242068547538779e-05
5.875149970933468257e-05
5.875149970933468257e-05
7.421242068547538779e-05
6.184368390456282090e-05
6.184368390456282090e-05
6.493586809979097279e-05
6.493586809979097279e-05
6.184368390456282090e-05
4.329057873319397734e-05
3.092184195228141045e-05
6.802805229501911112e-05
6.493586809979097279e-05
