4.760680379746835139e-02
2.178105221518987500e-02
2.492088607594936805e-02
2.154371044303797500e-02
6.818631329113923958e-03
1.200059335443037951e-02
9.399723101265822570e-03
9.701344936708860417e-03
8.979430379746834723e-03
8.054786392405062848e-03
7.876780063291139583e-03
7.926226265822785416e-03
7.268591772151898438e-03
5.745648734177215451e-03
4.425435126582278646e-03
6.521954113924050694e-03
5.458860759493670486e-03
3.703520569620252952e-03
5.824762658227847917e-03
5.602254746835443402e-03
5.013844936708860590e-03
4.539161392405063195e-03
3.441455696202531771e-03
3.283227848101265972e-03
1.755340189873417752e-03
4.578718354430379861e-03
3.228837025316455556e-03
3.129944620253164757e-03
4.623219936708861111e-03
4.460047468354430729e-03
2.521756329113924045e-03
8.603639240506329427e-04
3.431566455696202604e-03
3.802412974683544184e-03
4.034810126582278299e-03
3.752966772151898785e-03
3.688686708860759635e-03
2.546479430379746962e-03
3.837025316455696267e-03
3.050830696202531857e-03
3.159612341772151823e-03
2.937104430379746875e-03
2.333860759493670747e-03
3.436511075949367187e-03
3.589794303797468403e-03
2.383306962025316580e-03
1.844343354430379818e-03
3.006329113924050608e-03
2.526700949367088628e-03
2.066851265822784983e-03
2.828322784810126476e-03
3.283227848101265972e-03
1.948180379746835417e-03
3.040941455696202691e-03
3.154667721518987240e-03
2.506922468354430295e-03
2.946993670886076042e-03
1.216376582278480990e-03
3.006329113924050608e-03
2.843156645569620226e-03
1.587223101265822786e-03
2.017405063291139149e-03
2.373417721518987413e-03
1.582278481012658203e-03
2.848101265822784809e-03
1.775118670886075868e-03
2.309137658227848264e-03
1.923457278481012717e-03
2.230023734177215364e-03
1.696004746835442969e-03
1.967958860759493750e-03
1.814675632911392318e-03
2.141020569620253299e-03
1.720727848101265885e-03
1.903678797468354384e-03
5.488528481012658203e-04
2.289359177215189931e-03
2.422863924050632813e-03
1.938291139240506250e-03
2.492088607594936545e-03
2.230023734177215364e-03
1.503164556962025304e-03
1.735561708860759418e-03
1.552610759493670920e-03
1.493275316455696137e-03
1.448773734177215104e-03
1.592167721518987370e-03
1.231210443037974740e-03
1.928401898734177300e-03
6.230221518987341363e-04
1.181764240506329123e-03
1.102650316455696224e-03
1.428995253164556988e-03
1.473496835443038021e-03
1.171874999999999957e-03
1.616890822784810069e-03
1.859177215189873351e-03
1.127373417721518924e-03
2.234968354430379948e-03
1.092761075949367057e-03
1.260878164556962023e-03
1.592167721518987370e-03
1.972903481012658333e-03
2.571202531645569770e-04
2.719541139240506185e-04
1.592167721518987370e-03
9.740901898734177083e-04
1.354825949367088672e-03
1.409216772151898655e-03
1.799841772151898785e-03
1.710838607594936719e-03
1.883900316455696267e-03
1.834454113924050651e-03
1.409216772151898655e-03
1.834454113924050651e-03
1.686115506329114019e-03
3.312895569620252930e-04
5.340189873417721788e-04
1.186708860759493707e-03
1.770174050632911285e-03
8.999208860759493923e-04
1.834454113924050651e-03
1.537776898734177170e-03
1.433939873417721571e-04
1.048259493670886024e-03
1.216376582278480990e-03
1.300435126582278472e-03
1.359770569620253255e-03
1.394382911392405121e-03
9.543117088607594835e-04
4.944620253164557054e-06
1.384493670886075955e-03
7.219145569620253689e-04
1.107594936708860807e-03
6.180775316455696614e-04
1.760284810126582335e-03
2.472310126582278442e-05
9.740901898734177083e-04
1.354825949367088672e-03
1.082871835443037891e-03
1.087816455696202474e-03
1.196598101265822873e-03
1.364715189873417622e-03
1.419106012658227821e-03
1.409216772151898655e-03
6.428006329113923611e-04
1.241099683544303689e-03
1.176819620253164540e-03
1.478441455696202604e-03
1.330102848101265755e-03
1.547666139240506337e-03
1.250988924050632856e-03
1.428995253164556988e-03
1.028481012658227908e-03
1.468552215189873437e-03
1.166930379746835373e-03
1.611946202531645486e-03
1.374604430379746788e-03
9.543117088607594835e-04
1.478441455696202604e-03
1.280656645569620356e-03
1.008702531645569575e-03
1.028481012658227908e-03
3.757911392405063260e-04
1.384493670886075955e-03
1.389438291139240538e-03
1.330102848101265755e-03
1.107594936708860807e-03
1.053204113924050608e-03
6.230221518987341363e-04
1.206487341772151823e-03
1.068037974683544358e-03
4.944620253164557054e-06
1.280656645569620356e-03
1.157041139240506424e-03
1.087816455696202474e-03
6.526898734177215278e-04
1.142207278481012674e-03
1.082871835443037891e-03
1.335047468354430339e-03
8.900316455696202257e-04
1.344936708860759505e-03
8.059731012658227431e-04
1.008702531645569575e-03
9.394778481012658420e-04
9.493670886075949002e-04
1.300435126582278472e-03
1.033425632911392491e-03
8.801424050632911675e-04
8.900316455696202257e-04
3.708465189873417969e-04
1.305379746835443056e-03
8.109177215189873264e-04
9.147547468354430339e-04
9.295886075949366754e-04
1.364715189873417622e-03
8.999208860759493923e-04
8.801424050632911675e-04
8.109177215189873264e-04
1.369659810126582205e-03
8.702531645569620009e-04
8.751977848101265842e-04
6.675237341772151693e-04
4.301819620253164713e-04
8.801424050632911675e-04
1.483386075949367032e-05
6.428006329113923611e-04
5.191851265822784289e-04
8.949762658227848090e-04
1.191653481012658290e-03
8.306962025316455512e-04
7.120253164556962023e-04
8.702531645569620009e-04
5.142405063291139540e-04
4.944620253164557054e-06
1.221321202531645573e-03
2.126186708860759440e-04
9.444224683544304253e-04
3.065664556962025391e-04
4.400712025316455838e-04
8.405854430379747179e-04
4.746835443037974501e-04
5.439082278481012370e-04
1.181764240506329123e-03
7.515822784810126519e-04
9.493670886075949002e-04
1.028481012658227908e-03
1.206487341772151823e-03
5.933544303797468126e-05
6.576344936708861111e-04
1.043314873417721441e-03
2.126186708860759440e-04
9.493670886075949002e-04
1.003757911392404991e-03
4.202927215189873589e-04
1.255933544303797439e-03
1.181764240506329123e-03
1.117484177215189974e-03
8.751977848101265842e-04
1.157041139240506424e-03
7.367484177215190104e-04
3.757911392405063260e-04
1.087816455696202474e-03
1.221321202531645573e-03
9.196993670886076172e-04
7.565268987341772352e-04
2.274525316455696126e-04
7.565268987341772352e-04
5.092958860759493707e-04
4.895174050632911458e-04
1.161985759493670790e-03
6.230221518987341363e-04
9.642009493670886501e-04
9.790348101265822917e-04
6.873022151898733941e-04
1.102650316455696224e-03
1.127373417721518924e-03
7.960838607594936849e-04
6.180775316455696614e-04
1.112539556962025391e-03
9.444224683544304253e-04
4.202927215189873589e-04
6.279667721518987196e-04
3.362341772151898763e-04
7.416930379746835937e-04
9.642009493670886501e-04
1.176819620253164540e-03
1.063093354430379774e-03
1.068037974683544358e-03
8.702531645569620009e-04
1.008702531645569575e-03
9.889240506329114108e-06
5.587420886075949869e-04
5.191851265822784289e-04
7.367484177215190104e-04
9.098101265822784505e-04
1.063093354430379774e-03
2.274525316455696126e-04
6.378560126582278863e-04
8.356408227848101345e-04
6.180775316455696614e-04
4.697389240506329210e-04
8.999208860759493923e-04
9.493670886075949002e-04
5.933544303797468533e-04
9.543117088607594835e-04
2.719541139240506185e-04
1.058148734177215191e-03
5.092958860759493707e-04
3.807357594936709093e-04
6.131329113924050781e-04
2.867879746835443142e-04
3.856803797468354384e-04
7.120253164556962023e-04
9.098101265822784505e-04
9.196993670886076172e-04
9.246439873417722005e-04
6.428006329113923611e-04
1.043314873417721441e-03
7.960838607594936849e-04
6.576344936708861111e-04
4.697389240506329210e-04
7.169699367088607856e-04
8.999208860759493923e-04
1.013647151898734158e-03
4.598496835443038086e-04
9.444224683544304253e-04
3.065664556962025391e-04
6.329113924050633029e-04
8.455300632911391927e-04
8.504746835443037761e-04
9.196993670886076172e-04
4.153481012658227756e-04
6.230221518987341363e-04
2.719541139240506185e-04
6.526898734177215278e-04
7.812500000000000434e-04
5.488528481012658203e-04
9.394778481012658420e-04
7.713607594936708767e-04
1.928401898734177192e-04
7.416930379746835937e-04
7.861946202531645183e-04
1.483386075949367133e-04
8.554193037974683594e-04
9.988132911392404081e-04
5.834651898734176867e-04
3.312895569620252930e-04
7.911392405063291016e-04
5.439082278481012370e-04
6.774129746835443359e-04
2.076740506329113878e-04
1.433939873417721571e-04
7.515822784810126519e-04
8.554193037974683594e-04
9.147547468354430339e-04
8.554193037974683594e-04
9.988132911392404081e-04
7.763053797468354601e-04
4.944620253164557291e-04
1.384493670886076009e-04
6.477452531645569445e-04
6.230221518987341363e-04
7.614715189873418185e-04
1.236155063291139323e-04
7.169699367088607856e-04
7.120253164556962023e-04
3.708465189873417969e-04
3.708465189873417969e-04
5.982990506329114366e-04
2.373417721518987251e-04
7.466376582278480686e-04
2.670094936708860894e-04
8.356408227848101345e-04
5.735759493670886285e-04
6.180775316455696614e-04
5.686313291139240451e-04
4.450158227848101264e-05
6.329113924050633029e-04
6.724683544303797526e-04
4.845727848101265625e-04
5.241297468354430122e-04
4.944620253164557291e-04
4.994066455696202040e-04
4.944620253164557054e-06
7.070806962025316189e-04
8.455300632911391927e-04
4.499604430379746962e-04
2.867879746835443142e-04
1.928401898734177192e-04
4.598496835443038086e-04
6.081882911392404948e-04
6.971914556962025607e-04
9.394778481012658149e-05
5.340189873417721788e-04
4.796281645569620334e-04
6.971914556962025607e-04
5.834651898734176867e-04
7.268591772151898438e-04
4.796281645569620334e-04
2.076740506329113878e-04
1.483386075949367032e-05
7.070806962025316189e-04
7.614715189873418185e-04
4.697389240506329210e-04
1.285601265822784885e-04
6.625791139240505860e-04
7.664161392405062934e-04
9.889240506329113770e-05
7.169699367088607856e-04
2.027294303797468316e-04
3.708465189873417969e-04
7.268591772151898438e-04
6.774129746835443359e-04
8.900316455696202528e-05
7.664161392405062934e-04
4.005142405063291341e-04
6.774129746835443359e-04
4.153481012658227756e-04
5.982990506329114366e-04
3.955696202531645508e-04
4.746835443037974501e-04
8.208069620253164930e-04
7.812500000000000434e-04
6.131329113924050781e-04
4.005142405063291341e-04
4.598496835443038086e-04
1.928401898734177192e-04
7.367484177215190104e-04
5.587420886075949869e-04
5.389636075949367621e-04
7.070806962025316189e-04
4.499604430379746962e-04
5.933544303797468126e-05
6.774129746835443359e-04
5.587420886075949869e-04
4.301819620253164713e-04
4.301819620253164713e-04
2.472310126582278442e-05
4.647943037974683377e-04
3.807357594936709093e-04
4.796281645569620334e-04
6.230221518987341363e-04
5.092958860759493707e-04
6.971914556962025607e-04
5.290743670886075955e-04
5.587420886075949869e-04
2.472310126582278646e-04
4.697389240506329210e-04
5.933544303797468533e-04
6.131329113924050781e-04
4.549050632911392253e-04
7.416930379746835937e-04
2.076740506329113878e-04
1.928401898734177192e-04
3.955696202531645508e-04
6.576344936708861111e-04
1.681170886075949381e-04
6.774129746835443359e-04
5.340189873417721788e-04
6.428006329113923611e-04
1.730617088607594944e-04
5.488528481012658203e-04
2.472310126582278442e-05
1.335047468354430447e-04
4.994066455696202040e-04
4.252373417721518880e-04
7.021360759493670356e-04
6.081882911392404948e-04
4.054588607594936632e-04
7.120253164556962023e-04
5.290743670886075955e-04
7.219145569620253689e-04
6.180775316455696614e-04
5.933544303797468533e-04
7.070806962025316189e-04
5.537974683544304036e-04
6.971914556962025607e-04
5.933544303797468533e-04
7.169699367088607856e-04
7.219145569620253689e-04
6.081882911392404948e-04
2.521756329113923937e-04
3.362341772151898763e-04
6.081882911392404948e-04
3.115110759493670682e-04
1.878955696202531630e-04
3.312895569620252930e-04
5.191851265822784289e-04
1.631724683544303819e-04
4.005142405063291341e-04
5.043512658227847873e-04
7.021360759493670356e-04
6.279667721518987196e-04
2.670094936708860894e-04
4.054588607594936632e-04
5.785205696202532118e-04
4.944620253164557054e-06
3.955696202531645508e-04
6.922468354430379774e-04
2.373417721518987251e-04
4.054588607594936632e-04
6.378560126582278863e-04
5.636867088607594618e-04
3.065664556962025391e-04
6.032436708860759115e-04
6.032436708860759115e-04
1.433939873417721571e-04
1.186708860759493625e-04
4.598496835443038086e-04
3.065664556962025391e-04
6.526898734177215278e-04
4.450158227848101264e-05
4.598496835443038086e-04
5.439082278481012370e-04
4.994066455696202040e-04
3.955696202531645508e-04
6.329113924050633029e-04
4.944620253164557054e-06
5.340189873417721788e-04
3.807357594936709093e-04
4.895174050632911458e-04
1.483386075949367133e-04
3.461234177215189887e-04
3.115110759493670682e-04
5.043512658227847873e-04
2.818433544303797309e-04
4.054588607594936632e-04
2.274525316455696126e-04
5.142405063291139540e-04
4.944620253164557054e-06
6.131329113924050781e-04
5.389636075949367621e-04
3.708465189873417969e-04
6.922468354430379774e-04
4.400712025316455838e-04
5.389636075949367621e-04
5.735759493670886285e-04
2.966772151898734266e-04
2.422863924050632813e-04
4.647943037974683377e-04
4.845727848101265625e-04
5.933544303797468533e-04
5.340189873417721788e-04
4.746835443037974501e-04
3.065664556962025391e-04
2.225079113924050564e-04
3.312895569620252930e-04
1.730617088607594944e-04
2.818433544303797309e-04
4.202927215189873589e-04
2.175632911392405002e-04
4.549050632911392253e-04
3.362341772151898763e-04
3.411787974683544054e-04
2.175632911392405002e-04
3.510680379746835178e-04
5.982990506329114366e-04
2.966772151898734266e-04
5.834651898734176867e-04
3.856803797468354384e-04
4.697389240506329210e-04
9.889240506329114108e-06
4.944620253164557054e-06
9.889240506329114108e-06
3.807357594936709093e-04
4.153481012658227756e-04
5.785205696202532118e-04
4.895174050632911458e-04
3.115110759493670682e-04
2.175632911392405002e-04
3.659018987341772135e-04
4.301819620253164713e-04
3.411787974683544054e-04
4.549050632911392253e-04
5.191851265822784289e-04
1.433939873417721571e-04
3.214003164556961806e-04
4.845727848101265625e-04
5.389636075949367621e-04
4.944620253164557054e-06
5.785205696202532118e-04
5.439082278481012370e-04
6.081882911392404948e-04
1.087816455696202501e-04
1.928401898734177192e-04
3.362341772151898763e-04
1.433939873417721571e-04
5.884098101265822700e-04
5.439082278481012370e-04
3.115110759493670682e-04
2.373417721518987251e-04
4.944620253164557291e-04
2.917325949367088433e-04
7.911392405063291287e-05
3.659018987341772135e-04
2.719541139240506185e-04
3.510680379746835178e-04
2.571202531645569770e-04
5.043512658227847873e-04
2.175632911392405002e-04
3.659018987341772135e-04
5.439082278481012370e-04
2.917325949367088433e-04
5.092958860759493707e-04
5.340189873417721788e-04
4.944620253164557054e-06
5.735759493670886285e-04
3.560126582278481011e-04
1.483386075949367133e-04
3.164556962025316515e-04
1.928401898734177192e-04
1.285601265822784885e-04
9.889240506329113770e-05
5.191851265822784289e-04
1.829509493670886068e-04
5.933544303797468533e-04
2.027294303797468316e-04
9.394778481012658149e-05
4.796281645569620334e-04
3.955696202531645508e-04
6.230221518987341363e-04
4.647943037974683377e-04
2.373417721518987251e-04
2.126186708860759440e-04
2.768987341772152018e-04
4.202927215189873589e-04
6.378560126582278863e-04
2.818433544303797309e-04
5.439082278481012370e-04
9.394778481012658149e-05
5.142405063291139540e-04
3.906250000000000217e-04
4.944620253164557291e-04
4.153481012658227756e-04
2.670094936708860894e-04
2.274525316455696126e-04
4.054588607594936632e-04
1.681170886075949381e-04
4.647943037974683377e-04
5.191851265822784289e-04
4.005142405063291341e-04
4.994066455696202040e-04
2.571202531645569770e-04
5.340189873417721788e-04
3.214003164556961806e-04
3.263449367088607639e-04
3.609572784810126844e-04
3.065664556962025391e-04
1.631724683544303819e-04
4.499604430379746962e-04
4.944620253164557054e-06
1.928401898734177192e-04
2.225079113924050564e-04
1.878955696202531630e-04
3.757911392405063260e-04
3.510680379746835178e-04
1.532832278481012695e-04
4.202927215189873589e-04
1.829509493670886068e-04
5.092958860759493707e-04
1.335047468354430447e-04
5.191851265822784289e-04
1.928401898734177192e-04
4.499604430379746962e-04
9.394778481012658149e-05
2.472310126582278646e-04
3.708465189873417969e-04
5.587420886075949869e-04
3.164556962025316515e-04
3.263449367088607639e-04
4.400712025316455838e-04
3.411787974683544054e-04
2.768987341772152018e-04
4.944620253164557054e-06
4.202927215189873589e-04
7.911392405063291287e-05
1.780063291139240506e-04
4.697389240506329210e-04
4.944620253164557054e-06
4.450158227848101129e-04
4.746835443037974501e-04
1.335047468354430447e-04
4.845727848101265625e-04
2.076740506329113878e-04
3.016218354430379557e-04
4.054588607594936632e-04
2.571202531645569770e-04
4.994066455696202040e-04
4.005142405063291341e-04
6.032436708860759115e-04
3.807357594936709093e-04
5.043512658227847873e-04
4.450158227848101129e-04
4.104034810126582465e-04
1.433939873417721571e-04
4.301819620253164713e-04
5.933544303797468126e-05
1.730617088607594944e-04
4.845727848101265625e-04
1.730617088607594944e-04
2.917325949367088433e-04
2.867879746835443142e-04
2.373417721518987251e-04
3.214003164556961806e-04
2.966772151898734063e-05
4.005142405063291341e-04
5.191851265822784289e-04
3.362341772151898763e-04
4.202927215189873589e-04
3.016218354430379557e-04
1.780063291139240506e-04
4.549050632911392253e-04
4.944620253164557291e-04
3.016218354430379557e-04
4.301819620253164713e-04
1.433939873417721571e-04
2.719541139240506185e-04
2.867879746835443142e-04
8.900316455696202528e-05
2.472310126582278646e-04
3.016218354430379557e-04
3.263449367088607639e-04
2.670094936708860894e-04
2.719541139240506185e-04
2.422863924050632813e-04
4.450158227848101129e-04
4.549050632911392253e-04
4.104034810126582465e-04
2.225079113924050564e-04
9.889240506329113770e-05
7.911392405063291287e-05
1.681170886075949381e-04
9.889240506329113770e-05
3.609572784810126844e-04
2.422863924050632813e-04
3.362341772151898763e-04
4.450158227848101129e-04
2.225079113924050564e-04
3.906250000000000217e-04
2.175632911392405002e-04
3.510680379746835178e-04
3.312895569620252930e-04
2.373417721518987251e-04
4.104034810126582465e-04
6.428006329113924425e-05
4.005142405063291341e-04
4.005142405063291341e-04
1.532832278481012695e-04
3.065664556962025391e-04
2.076740506329113878e-04
3.757911392405063260e-04
4.301819620253164713e-04
3.461234177215189887e-04
4.549050632911392253e-04
2.175632911392405002e-04
4.153481012658227756e-04
2.126186708860759440e-04
3.312895569620252930e-04
2.670094936708860894e-04
4.252373417721518880e-04
2.373417721518987251e-04
2.274525316455696126e-04
4.944620253164556885e-05
4.598496835443038086e-04
4.202927215189873589e-04
3.164556962025316515e-04
8.405854430379746907e-05
4.400712025316455838e-04
4.499604430379746962e-04
2.867879746835443142e-04
9.394778481012658149e-05
2.422863924050632813e-04
4.153481012658227756e-04
3.016218354430379557e-04
2.274525316455696126e-04
9.889240506329113770e-05
2.818433544303797309e-04
1.236155063291139323e-04
9.889240506329113770e-05
2.966772151898734266e-04
3.411787974683544054e-04
2.472310126582278646e-04
2.670094936708860894e-04
2.917325949367088433e-04
3.560126582278481011e-04
3.164556962025316515e-04
4.598496835443038086e-04
4.104034810126582465e-04
2.917325949367088433e-04
1.977848101265822754e-04
2.274525316455696126e-04
5.933544303797468126e-05
3.312895569620252930e-04
3.263449367088607639e-04
2.274525316455696126e-04
4.054588607594936632e-04
4.944620253164557054e-06
2.225079113924050564e-04
4.153481012658227756e-04
1.780063291139240506e-04
1.928401898734177192e-04
3.411787974683544054e-04
2.274525316455696126e-04
3.659018987341772135e-04
3.510680379746835178e-04
9.889240506329114108e-06
3.708465189873417969e-04
3.510680379746835178e-04
1.236155063291139323e-04
8.405854430379746907e-05
3.510680379746835178e-04
1.285601265822784885e-04
2.521756329113923937e-04
2.719541139240506185e-04
3.461234177215190023e-05
1.087816455696202501e-04
2.768987341772152018e-04
1.285601265822784885e-04
1.186708860759493625e-04
3.065664556962025391e-04
5.439082278481012506e-05
2.966772151898734063e-05
1.977848101265822754e-04
3.065664556962025391e-04
3.065664556962025391e-04
9.394778481012658149e-05
3.955696202531645508e-04
7.911392405063291287e-05
2.521756329113923937e-04
3.411787974683544054e-04
2.966772151898734063e-05
3.955696202531645643e-05
4.944620253164557054e-06
4.252373417721518880e-04
9.394778481012658149e-05
5.439082278481012506e-05
3.362341772151898763e-04
1.433939873417721571e-04
3.906250000000000217e-04
3.807357594936709093e-04
1.780063291139240506e-04
4.005142405063291341e-04
2.175632911392405002e-04
4.499604430379746962e-04
2.917325949367088433e-04
2.076740506329113878e-04
2.620648734177215061e-04
1.977848101265822754e-04
9.889240506329113770e-05
4.005142405063291341e-04
3.856803797468354384e-04
3.411787974683544054e-04
3.362341772151898763e-04
3.115110759493670682e-04
3.609572784810126844e-04
1.532832278481012695e-04
2.175632911392405002e-04
3.708465189873417969e-04
1.829509493670886068e-04
2.175632911392405002e-04
3.263449367088607639e-04
2.225079113924050564e-04
4.104034810126582465e-04
5.933544303797468126e-05
1.977848101265822754e-04
2.472310126582278442e-05
1.483386075949367032e-05
1.977848101265822754e-04
1.285601265822784885e-04
4.153481012658227756e-04
1.631724683544303819e-04
1.433939873417721571e-04
1.780063291139240506e-04
2.571202531645569770e-04
4.944620253164557054e-06
1.137262658227848063e-04
1.730617088607594944e-04
3.955696202531645508e-04
2.917325949367088433e-04
7.416930379746835666e-05
2.175632911392405002e-04
4.944620253164557054e-06
1.780063291139240506e-04
2.323971518987341688e-04
3.362341772151898763e-04
2.274525316455696126e-04
3.609572784810126844e-04
2.323971518987341688e-04
3.609572784810126844e-04
2.719541139240506185e-04
4.944620253164557054e-06
1.483386075949367032e-05
3.461234177215189887e-04
3.609572784810126844e-04
4.944620253164557054e-06
2.225079113924050564e-04
1.038370253164556939e-04
3.263449367088607639e-04
2.472310126582278646e-04
2.126186708860759440e-04
2.719541139240506185e-04
2.422863924050632813e-04
1.335047468354430447e-04
3.312895569620252930e-04
3.065664556962025391e-04
1.483386075949367133e-04
4.450158227848101264e-05
3.115110759493670682e-04
1.384493670886076009e-04
2.422863924050632813e-04
2.027294303797468316e-04
3.609572784810126844e-04
6.428006329113924425e-05
1.236155063291139323e-04
1.285601265822784885e-04
1.335047468354430447e-04
3.362341772151898763e-04
8.405854430379746907e-05
3.164556962025316515e-04
3.757911392405063260e-04
2.274525316455696126e-04
3.609572784810126844e-04
2.768987341772152018e-04
2.274525316455696126e-04
5.933544303797468126e-05
3.609572784810126844e-04
9.889240506329113770e-05
2.521756329113923937e-04
3.411787974683544054e-04
1.335047468354430447e-04
1.631724683544303819e-04
2.620648734177215061e-04
2.076740506329113878e-04
1.137262658227848063e-04
1.087816455696202501e-04
2.521756329113923937e-04
2.323971518987341688e-04
3.411787974683544054e-04
3.461234177215189887e-04
3.807357594936709093e-04
3.263449367088607639e-04
7.911392405063291287e-05
2.472310126582278442e-05
2.818433544303797309e-04
2.719541139240506185e-04
1.681170886075949381e-04
3.560126582278481011e-04
2.917325949367088433e-04
2.917325949367088433e-04
2.867879746835443142e-04
5.933544303797468126e-05
2.620648734177215061e-04
7.911392405063291287e-05
3.560126582278481011e-04
2.323971518987341688e-04
2.966772151898734266e-04
3.560126582278481011e-04
1.829509493670886068e-04
3.461234177215189887e-04
2.076740506329113878e-04
1.483386075949367032e-05
2.768987341772152018e-04
2.422863924050632813e-04
1.483386075949367032e-05
1.582278481012658257e-04
3.065664556962025391e-04
1.335047468354430447e-04
1.631724683544303819e-04
3.312895569620252930e-04
2.966772151898734063e-05
3.955696202531645643e-05
3.461234177215190023e-05
3.263449367088607639e-04
2.076740506329113878e-04
2.620648734177215061e-04
1.878955696202531630e-04
1.186708860759493625e-04
8.405854430379746907e-05
3.065664556962025391e-04
6.428006329113924425e-05
6.428006329113924425e-05
2.670094936708860894e-04
7.911392405063291287e-05
2.422863924050632813e-04
2.768987341772152018e-04
1.285601265822784885e-04
4.944620253164557054e-06
2.422863924050632813e-04
1.829509493670886068e-04
2.521756329113923937e-04
2.175632911392405002e-04
1.087816455696202501e-04
8.405854430379746907e-05
6.428006329113924425e-05
2.571202531645569770e-04
1.433939873417721571e-04
2.521756329113923937e-04
1.087816455696202501e-04
1.483386075949367032e-05
2.472310126582278646e-04
2.373417721518987251e-04
4.944620253164557054e-06
3.461234177215190023e-05
2.719541139240506185e-04
1.532832278481012695e-04
3.164556962025316515e-04
1.780063291139240506e-04
3.560126582278481011e-04
2.126186708860759440e-04
1.137262658227848063e-04
2.225079113924050564e-04
2.175632911392405002e-04
1.038370253164556939e-04
2.472310126582278646e-04
3.362341772151898763e-04
2.175632911392405002e-04
2.670094936708860894e-04
2.571202531645569770e-04
3.214003164556961806e-04
5.439082278481012506e-05
3.214003164556961806e-04
2.719541139240506185e-04
1.681170886075949381e-04
2.768987341772152018e-04
1.384493670886076009e-04
1.433939873417721571e-04
2.719541139240506185e-04
1.582278481012658257e-04
1.186708860759493625e-04
8.900316455696202528e-05
2.323971518987341688e-04
3.115110759493670682e-04
2.966772151898734266e-04
6.428006329113924425e-05
2.126186708860759440e-04
3.411787974683544054e-04
3.461234177215189887e-04
1.285601265822784885e-04
3.065664556962025391e-04
1.977848101265822754e-04
2.027294303797468316e-04
2.373417721518987251e-04
2.027294303797468316e-04
1.681170886075949381e-04
2.373417721518987251e-04
2.768987341772152018e-04
1.384493670886076009e-04
2.027294303797468316e-04
1.087816455696202501e-04
2.274525316455696126e-04
3.115110759493670682e-04
6.428006329113924425e-05
2.966772151898734266e-04
3.115110759493670682e-04
2.719541139240506185e-04
1.878955696202531630e-04
1.335047468354430447e-04
2.571202531645569770e-04
1.878955696202531630e-04
3.016218354430379557e-04
2.917325949367088433e-04
2.917325949367088433e-04
2.472310126582278646e-04
1.582278481012658257e-04
9.889240506329114108e-06
1.829509493670886068e-04
2.719541139240506185e-04
2.076740506329113878e-04
1.829509493670886068e-04
2.571202531645569770e-04
3.065664556962025391e-04
5.933544303797468126e-05
1.878955696202531630e-04
3.016218354430379557e-04
2.917325949367088433e-04
1.681170886075949381e-04
2.472310126582278646e-04
2.323971518987341688e-04
9.889240506329114108e-06
1.236155063291139323e-04
2.126186708860759440e-04
2.670094936708860894e-04
1.631724683544303819e-04
8.405854430379746907e-05
3.016218354430379557e-04
7.416930379746835666e-05
1.977848101265822822e-05
2.719541139240506185e-04
9.394778481012658149e-05
1.087816455696202501e-04
1.236155063291139323e-04
3.016218354430379557e-04
2.472310126582278442e-05
9.889240506329114108e-06
1.384493670886076009e-04
2.126186708860759440e-04
2.818433544303797309e-04
4.944620253164557054e-06
1.335047468354430447e-04
2.818433544303797309e-04
1.878955696202531630e-04
4.944620253164556885e-05
4.944620253164557054e-06
4.944620253164557054e-06
1.730617088607594944e-04
2.670094936708860894e-04
2.373417721518987251e-04
2.521756329113923937e-04
4.944620253164557054e-06
5.439082278481012506e-05
6.922468354430380045e-05
2.373417721518987251e-04
2.818433544303797309e-04
2.175632911392405002e-04
2.076740506329113878e-04
4.944620253164557054e-06
2.867879746835443142e-04
4.944620253164556885e-05
7.911392405063291287e-05
2.175632911392405002e-04
2.571202531645569770e-04
1.137262658227848063e-04
9.889240506329114108e-06
1.433939873417721571e-04
1.829509493670886068e-04
1.780063291139240506e-04
1.038370253164556939e-04
1.186708860759493625e-04
2.719541139240506185e-04
2.274525316455696126e-04
1.236155063291139323e-04
1.186708860759493625e-04
2.818433544303797309e-04
3.659018987341772135e-04
9.394778481012658149e-05
3.115110759493670682e-04
1.285601265822784885e-04
2.274525316455696126e-04
2.571202531645569770e-04
2.076740506329113878e-04
2.126186708860759440e-04
1.780063291139240506e-04
2.126186708860759440e-04
3.263449367088607639e-04
1.137262658227848063e-04
5.439082278481012506e-05
2.571202531645569770e-04
2.768987341772152018e-04
2.521756329113923937e-04
1.582278481012658257e-04
2.818433544303797309e-04
4.944620253164556885e-05
2.076740506329113878e-04
3.362341772151898763e-04
2.274525316455696126e-04
1.087816455696202501e-04
2.422863924050632813e-04
3.164556962025316515e-04
2.670094936708860894e-04
2.966772151898734063e-05
1.780063291139240506e-04
4.944620253164557054e-06
6.428006329113924425e-05
1.285601265822784885e-04
1.681170886075949381e-04
2.225079113924050564e-04
8.900316455696202528e-05
1.038370253164556939e-04
1.631724683544303819e-04
1.433939873417721571e-04
2.323971518987341688e-04
4.944620253164557054e-06
2.274525316455696126e-04
4.944620253164557054e-06
3.164556962025316515e-04
4.944620253164556885e-05
1.236155063291139323e-04
1.681170886075949381e-04
8.900316455696202528e-05
5.933544303797468126e-05
2.571202531645569770e-04
1.483386075949367032e-05
1.186708860759493625e-04
1.137262658227848063e-04
9.889240506329113770e-05
2.274525316455696126e-04
2.620648734177215061e-04
9.394778481012658149e-05
2.818433544303797309e-04
1.780063291139240506e-04
1.384493670886076009e-04
2.373417721518987251e-04
2.225079113924050564e-04
9.889240506329113770e-05
1.335047468354430447e-04
1.582278481012658257e-04
1.384493670886076009e-04
1.483386075949367133e-04
2.571202531645569770e-04
1.582278481012658257e-04
6.922468354430380045e-05
1.681170886075949381e-04
7.416930379746835666e-05
1.780063291139240506e-04
2.768987341772152018e-04
2.472310126582278442e-05
1.780063291139240506e-04
1.483386075949367133e-04
9.889240506329113770e-05
2.373417721518987251e-04
1.977848101265822754e-04
1.681170886075949381e-04
1.878955696202531630e-04
1.335047468354430447e-04
2.670094936708860894e-04
1.681170886075949381e-04
2.422863924050632813e-04
1.730617088607594944e-04
7.416930379746835666e-05
1.285601265822784885e-04
8.900316455696202528e-05
4.450158227848101264e-05
1.038370253164556939e-04
2.076740506329113878e-04
2.225079113924050564e-04
1.137262658227848063e-04
1.730617088607594944e-04
2.274525316455696126e-04
2.373417721518987251e-04
1.631724683544303819e-04
1.483386075949367133e-04
1.137262658227848063e-04
1.977848101265822754e-04
2.225079113924050564e-04
4.944620253164557054e-06
2.620648734177215061e-04
2.027294303797468316e-04
1.038370253164556939e-04
2.323971518987341688e-04
4.944620253164557054e-06
1.730617088607594944e-04
1.878955696202531630e-04
1.137262658227848063e-04
1.236155063291139323e-04
4.944620253164557054e-06
2.620648734177215061e-04
1.186708860759493625e-04
3.955696202531645643e-05
6.922468354430380045e-05
2.027294303797468316e-04
4.944620253164556885e-05
8.900316455696202528e-05
2.274525316455696126e-04
2.670094936708860894e-04
4.944620253164557054e-06
1.730617088607594944e-04
1.236155063291139323e-04
1.681170886075949381e-04
2.225079113924050564e-04
1.433939873417721571e-04
1.582278481012658257e-04
2.472310126582278646e-04
1.433939873417721571e-04
2.472310126582278646e-04
1.087816455696202501e-04
2.719541139240506185e-04
7.416930379746835666e-05
1.087816455696202501e-04
2.373417721518987251e-04
2.571202531645569770e-04
2.521756329113923937e-04
2.027294303797468316e-04
1.977848101265822754e-04
4.944620253164557054e-06
9.394778481012658149e-05
2.373417721518987251e-04
1.928401898734177192e-04
4.944620253164557054e-06
5.439082278481012506e-05
4.944620253164557054e-06
1.631724683544303819e-04
4.944620253164556885e-05
2.521756329113923937e-04
3.461234177215190023e-05
9.889240506329113770e-05
1.483386075949367133e-04
1.087816455696202501e-04
2.472310126582278442e-05
1.285601265822784885e-04
1.977848101265822754e-04
1.532832278481012695e-04
2.126186708860759440e-04
8.405854430379746907e-05
4.944620253164557054e-06
1.582278481012658257e-04
7.911392405063291287e-05
5.933544303797468126e-05
2.027294303797468316e-04
2.076740506329113878e-04
1.087816455696202501e-04
1.137262658227848063e-04
2.274525316455696126e-04
4.944620253164557054e-06
4.944620253164557054e-06
1.433939873417721571e-04
1.631724683544303819e-04
1.384493670886076009e-04
1.137262658227848063e-04
3.955696202531645643e-05
1.681170886075949381e-04
1.829509493670886068e-04
7.416930379746835666e-05
1.532832278481012695e-04
1.829509493670886068e-04
3.461234177215190023e-05
2.126186708860759440e-04
2.027294303797468316e-04
3.461234177215190023e-05
3.955696202531645643e-05
1.038370253164556939e-04
1.977848101265822822e-05
6.428006329113924425e-05
2.373417721518987251e-04
2.472310126582278442e-05
6.922468354430380045e-05
2.323971518987341688e-04
1.483386075949367032e-05
4.944620253164557054e-06
4.944620253164557054e-06
1.730617088607594944e-04
1.878955696202531630e-04
4.944620253164557054e-06
9.889240506329113770e-05
5.933544303797468126e-05
8.405854430379746907e-05
1.829509493670886068e-04
1.186708860759493625e-04
2.422863924050632813e-04
1.928401898734177192e-04
1.977848101265822754e-04
1.236155063291139323e-04
4.944620253164557054e-06
2.027294303797468316e-04
1.582278481012658257e-04
1.582278481012658257e-04
1.780063291139240506e-04
1.631724683544303819e-04
1.681170886075949381e-04
4.450158227848101264e-05
1.236155063291139323e-04
1.532832278481012695e-04
2.719541139240506185e-04
1.878955696202531630e-04
4.450158227848101264e-05
1.384493670886076009e-04
3.461234177215190023e-05
1.730617088607594944e-04
1.236155063291139323e-04
1.087816455696202501e-04
2.076740506329113878e-04
9.889240506329114108e-06
9.889240506329114108e-06
1.137262658227848063e-04
1.335047468354430447e-04
5.933544303797468126e-05
1.780063291139240506e-04
1.780063291139240506e-04
1.928401898734177192e-04
2.076740506329113878e-04
1.730617088607594944e-04
1.878955696202531630e-04
1.483386075949367133e-04
2.422863924050632813e-04
3.955696202531645643e-05
1.483386075949367133e-04
1.878955696202531630e-04
2.966772151898734063e-05
4.944620253164557054e-06
6.922468354430380045e-05
7.416930379746835666e-05
2.126186708860759440e-04
5.439082278481012506e-05
6.922468354430380045e-05
1.977848101265822822e-05
9.889240506329114108e-06
1.137262658227848063e-04
1.236155063291139323e-04
1.186708860759493625e-04
3.461234177215190023e-05
3.461234177215190023e-05
1.878955696202531630e-04
1.928401898734177192e-04
1.285601265822784885e-04
2.126186708860759440e-04
1.483386075949367133e-04
1.631724683544303819e-04
2.274525316455696126e-04
1.186708860759493625e-04
6.428006329113924425e-05
1.236155063291139323e-04
4.944620253164557054e-06
1.780063291139240506e-04
1.236155063291139323e-04
1.433939873417721571e-04
1.384493670886076009e-04
2.472310126582278646e-04
1.730617088607594944e-04
2.027294303797468316e-04
8.405854430379746907e-05
1.483386075949367133e-04
2.126186708860759440e-04
1.335047468354430447e-04
1.483386075949367032e-05
4.450158227848101264e-05
2.076740506329113878e-04
2.076740506329113878e-04
1.582278481012658257e-04
3.955696202531645643e-05
2.175632911392405002e-04
1.977848101265822754e-04
1.335047468354430447e-04
1.384493670886076009e-04
1.236155063291139323e-04
1.928401898734177192e-04
5.933544303797468126e-05
1.433939873417721571e-04
1.335047468354430447e-04
9.889240506329114108e-06
1.977848101265822754e-04
9.889240506329113770e-05
1.236155063291139323e-04
1.483386075949367133e-04
2.027294303797468316e-04
2.225079113924050564e-04
1.483386075949367133e-04
1.236155063291139323e-04
1.582278481012658257e-04
1.087816455696202501e-04
1.582278481012658257e-04
1.977848101265822754e-04
1.087816455696202501e-04
2.027294303797468316e-04
9.889240506329114108e-06
1.631724683544303819e-04
6.922468354430380045e-05
1.928401898734177192e-04
4.944620253164557054e-06
1.829509493670886068e-04
1.384493670886076009e-04
4.944620253164557054e-06
1.483386075949367032e-05
1.532832278481012695e-04
1.335047468354430447e-04
7.416930379746835666e-05
2.274525316455696126e-04
9.889240506329114108e-06
1.730617088607594944e-04
7.911392405063291287e-05
6.922468354430380045e-05
2.966772151898734063e-05
1.730617088607594944e-04
1.878955696202531630e-04
7.911392405063291287e-05
1.236155063291139323e-04
1.977848101265822822e-05
2.175632911392405002e-04
5.933544303797468126e-05
1.186708860759493625e-04
7.416930379746835666e-05
1.433939873417721571e-04
1.335047468354430447e-04
1.631724683544303819e-04
1.780063291139240506e-04
9.889240506329114108e-06
1.483386075949367032e-05
2.274525316455696126e-04
5.439082278481012506e-05
7.911392405063291287e-05
9.889240506329114108e-06
4.450158227848101264e-05
1.730617088607594944e-04
1.285601265822784885e-04
2.027294303797468316e-04
2.175632911392405002e-04
1.829509493670886068e-04
1.928401898734177192e-04
1.829509493670886068e-04
4.944620253164557054e-06
1.038370253164556939e-04
6.428006329113924425e-05
1.532832278481012695e-04
4.944620253164556885e-05
1.433939873417721571e-04
8.900316455696202528e-05
1.285601265822784885e-04
1.681170886075949381e-04
1.384493670886076009e-04
4.944620253164557054e-06
1.532832278481012695e-04
2.027294303797468316e-04
5.933544303797468126e-05
8.405854430379746907e-05
1.829509493670886068e-04
1.829509493670886068e-04
9.889240506329114108e-06
1.483386075949367133e-04
9.394778481012658149e-05
1.285601265822784885e-04
1.878955696202531630e-04
1.532832278481012695e-04
1.977848101265822754e-04
1.582278481012658257e-04
1.730617088607594944e-04
1.433939873417721571e-04
6.428006329113924425e-05
4.944620253164556885e-05
1.483386075949367032e-05
1.977848101265822754e-04
2.966772151898734063e-05
8.900316455696202528e-05
1.335047468354430447e-04
1.236155063291139323e-04
8.900316455696202528e-05
1.928401898734177192e-04
9.889240506329114108e-06
9.889240506329113770e-05
1.829509493670886068e-04
1.631724683544303819e-04
1.483386075949367133e-04
6.428006329113924425e-05
1.236155063291139323e-04
1.631724683544303819e-04
1.433939873417721571e-04
2.966772151898734063e-05
3.461234177215190023e-05
3.461234177215190023e-05
2.225079113924050564e-04
9.889240506329114108e-06
2.027294303797468316e-04
9.394778481012658149e-05
1.285601265822784885e-04
1.730617088607594944e-04
1.878955696202531630e-04
4.944620253164557054e-06
2.472310126582278442e-05
1.977848101265822822e-05
3.461234177215190023e-05
1.087816455696202501e-04
1.928401898734177192e-04
1.285601265822784885e-04
2.966772151898734063e-05
5.933544303797468126e-05
6.922468354430380045e-05
4.944620253164556885e-05
4.944620253164556885e-05
1.730617088607594944e-04
1.433939873417721571e-04
4.944620253164557054e-06
1.681170886075949381e-04
1.681170886075949381e-04
6.428006329113924425e-05
8.900316455696202528e-05
9.394778481012658149e-05
1.681170886075949381e-04
9.889240506329114108e-06
1.532832278481012695e-04
1.236155063291139323e-04
5.933544303797468126e-05
1.582278481012658257e-04
4.450158227848101264e-05
2.472310126582278442e-05
4.450158227848101264e-05
1.977848101265822822e-05
1.730617088607594944e-04
4.944620253164557054e-06
1.977848101265822754e-04
1.878955696202531630e-04
7.911392405063291287e-05
1.977848101265822822e-05
4.450158227848101264e-05
2.966772151898734063e-05
1.137262658227848063e-04
1.483386075949367133e-04
9.889240506329113770e-05
8.405854430379746907e-05
9.889240506329113770e-05
1.483386075949367032e-05
1.928401898734177192e-04
1.186708860759493625e-04
8.405854430379746907e-05
4.944620253164557054e-06
1.433939873417721571e-04
1.236155063291139323e-04
1.730617088607594944e-04
1.631724683544303819e-04
4.450158227848101264e-05
5.439082278481012506e-05
1.532832278481012695e-04
1.483386075949367133e-04
1.038370253164556939e-04
2.966772151898734063e-05
1.236155063291139323e-04
1.236155063291139323e-04
1.236155063291139323e-04
1.186708860759493625e-04
1.186708860759493625e-04
1.433939873417721571e-04
7.911392405063291287e-05
1.483386075949367133e-04
1.483386075949367032e-05
1.285601265822784885e-04
2.966772151898734063e-05
4.450158227848101264e-05
1.730617088607594944e-04
2.472310126582278442e-05
9.889240506329114108e-06
8.405854430379746907e-05
5.933544303797468126e-05
1.483386075949367032e-05
1.532832278481012695e-04
1.186708860759493625e-04
1.483386075949367133e-04
9.889240506329113770e-05
1.730617088607594944e-04
7.416930379746835666e-05
1.433939873417721571e-04
2.175632911392405002e-04
1.532832278481012695e-04
1.681170886075949381e-04
8.405854430379746907e-05
1.582278481012658257e-04
1.236155063291139323e-04
1.730617088607594944e-04
1.977848101265822822e-05
5.933544303797468126e-05
1.186708860759493625e-04
1.878955696202531630e-04
1.681170886075949381e-04
4.944620253164556885e-05
2.966772151898734063e-05
1.730617088607594944e-04
1.433939873417721571e-04
4.944620253164556885e-05
7.911392405063291287e-05
1.730617088607594944e-04
1.582278481012658257e-04
1.878955696202531630e-04
1.681170886075949381e-04
1.384493670886076009e-04
1.384493670886076009e-04
1.433939873417721571e-04
4.944620253164557054e-06
9.889240506329114108e-06
1.285601265822784885e-04
1.780063291139240506e-04
1.532832278481012695e-04
5.933544303797468126e-05
4.944620253164557054e-06
1.829509493670886068e-04
9.394778481012658149e-05
2.027294303797468316e-04
1.433939873417721571e-04
2.966772151898734063e-05
1.977848101265822822e-05
1.433939873417721571e-04
2.966772151898734063e-05
1.137262658227848063e-04
1.285601265822784885e-04
1.087816455696202501e-04
1.087816455696202501e-04
9.889240506329113770e-05
1.483386075949367133e-04
4.450158227848101264e-05
4.450158227848101264e-05
1.483386075949367032e-05
1.433939873417721571e-04
1.631724683544303819e-04
1.335047468354430447e-04
1.186708860759493625e-04
1.285601265822784885e-04
4.944620253164557054e-06
9.889240506329113770e-05
1.137262658227848063e-04
5.439082278481012506e-05
6.428006329113924425e-05
1.483386075949367032e-05
4.944620253164556885e-05
1.433939873417721571e-04
1.433939873417721571e-04
2.966772151898734063e-05
1.186708860759493625e-04
2.472310126582278442e-05
8.405854430379746907e-05
1.186708860759493625e-04
1.928401898734177192e-04
7.416930379746835666e-05
1.977848101265822822e-05
9.889240506329114108e-06
4.944620253164557054e-06
1.582278481012658257e-04
1.384493670886076009e-04
2.076740506329113878e-04
1.681170886075949381e-04
9.889240506329113770e-05
9.889240506329114108e-06
8.405854430379746907e-05
6.428006329113924425e-05
1.137262658227848063e-04
1.582278481012658257e-04
7.911392405063291287e-05
8.900316455696202528e-05
4.944620253164557054e-06
2.966772151898734063e-05
1.681170886075949381e-04
4.944620253164556885e-05
4.450158227848101264e-05
1.384493670886076009e-04
1.532832278481012695e-04
1.681170886075949381e-04
1.285601265822784885e-04
1.087816455696202501e-04
4.450158227848101264e-05
1.433939873417721571e-04
5.933544303797468126e-05
1.483386075949367032e-05
1.878955696202531630e-04
1.384493670886076009e-04
9.889240506329113770e-05
1.384493670886076009e-04
1.730617088607594944e-04
1.631724683544303819e-04
6.922468354430380045e-05
6.428006329113924425e-05
6.922468354430380045e-05
1.631724683544303819e-04
1.236155063291139323e-04
4.944620253164557054e-06
1.384493670886076009e-04
1.038370253164556939e-04
7.911392405063291287e-05
1.631724683544303819e-04
1.582278481012658257e-04
1.087816455696202501e-04
1.087816455696202501e-04
8.900316455696202528e-05
1.186708860759493625e-04
4.944620253164556885e-05
6.428006329113924425e-05
3.955696202531645643e-05
1.631724683544303819e-04
1.780063291139240506e-04
1.236155063291139323e-04
1.285601265822784885e-04
4.944620253164557054e-06
4.944620253164557054e-06
1.681170886075949381e-04
1.087816455696202501e-04
5.933544303797468126e-05
1.285601265822784885e-04
1.532832278481012695e-04
4.944620253164557054e-06
3.461234177215190023e-05
1.483386075949367133e-04
7.911392405063291287e-05
1.285601265822784885e-04
5.439082278481012506e-05
4.944620253164557054e-06
4.944620253164557054e-06
9.889240506329114108e-06
7.911392405063291287e-05
1.483386075949367133e-04
2.966772151898734063e-05
4.944620253164556885e-05
1.681170886075949381e-04
1.285601265822784885e-04
1.433939873417721571e-04
1.532832278481012695e-04
4.944620253164557054e-06
2.472310126582278442e-05
5.439082278481012506e-05
1.335047468354430447e-04
6.428006329113924425e-05
7.416930379746835666e-05
5.933544303797468126e-05
4.450158227848101264e-05
9.889240506329114108e-06
1.582278481012658257e-04
8.900316455696202528e-05
4.944620253164557054e-06
1.087816455696202501e-04
1.038370253164556939e-04
4.944620253164557054e-06
1.285601265822784885e-04
1.038370253164556939e-04
9.889240506329113770e-05
1.186708860759493625e-04
8.405854430379746907e-05
1.483386075949367133e-04
7.416930379746835666e-05
1.433939873417721571e-04
9.394778481012658149e-05
4.944620253164557054e-06
1.137262658227848063e-04
1.681170886075949381e-04
1.681170886075949381e-04
1.285601265822784885e-04
9.394778481012658149e-05
1.186708860759493625e-04
1.137262658227848063e-04
1.236155063291139323e-04
1.285601265822784885e-04
1.433939873417721571e-04
8.405854430379746907e-05
4.944620253164557054e-06
2.472310126582278442e-05
4.944620253164557054e-06
5.439082278481012506e-05
1.236155063291139323e-04
1.977848101265822822e-05
4.944620253164557054e-06
1.483386075949367133e-04
3.461234177215190023e-05
6.428006329113924425e-05
7.416930379746835666e-05
4.944620253164557054e-06
1.186708860759493625e-04
8.900316455696202528e-05
1.137262658227848063e-04
8.405854430379746907e-05
1.582278481012658257e-04
9.394778481012658149e-05
1.928401898734177192e-04
1.532832278481012695e-04
3.955696202531645643e-05
7.416930379746835666e-05
8.405854430379746907e-05
1.038370253164556939e-04
1.285601265822784885e-04
1.087816455696202501e-04
1.038370253164556939e-04
8.900316455696202528e-05
4.944620253164556885e-05
7.416930379746835666e-05
3.461234177215190023e-05
4.944620253164557054e-06
9.394778481012658149e-05
1.285601265822784885e-04
8.405854430379746907e-05
1.631724683544303819e-04
1.335047468354430447e-04
9.889240506329113770e-05
9.889240506329114108e-06
6.922468354430380045e-05
1.087816455696202501e-04
1.631724683544303819e-04
3.955696202531645643e-05
6.428006329113924425e-05
4.944620253164557054e-06
2.966772151898734063e-05
1.631724683544303819e-04
1.236155063291139323e-04
5.439082278481012506e-05
4.944620253164557054e-06
7.911392405063291287e-05
1.730617088607594944e-04
1.977848101265822822e-05
9.889240506329113770e-05
4.944620253164557054e-06
4.450158227848101264e-05
4.944620253164557054e-06
1.483386075949367133e-04
1.977848101265822822e-05
2.472310126582278442e-05
4.944620253164557054e-06
4.944620253164557054e-06
1.335047468354430447e-04
4.944620253164557054e-06
3.461234177215190023e-05
4.944620253164557054e-06
1.186708860759493625e-04
1.087816455696202501e-04
1.285601265822784885e-04
1.977848101265822822e-05
1.137262658227848063e-04
1.285601265822784885e-04
1.137262658227848063e-04
5.439082278481012506e-05
5.933544303797468126e-05
8.405854430379746907e-05
4.944620253164557054e-06
1.038370253164556939e-04
4.944620253164557054e-06
1.186708860759493625e-04
4.944620253164556885e-05
1.087816455696202501e-04
1.335047468354430447e-04
4.944620253164557054e-06
9.889240506329113770e-05
5.439082278481012506e-05
1.087816455696202501e-04
2.472310126582278442e-05
4.944620253164556885e-05
4.944620253164557054e-06
1.977848101265822822e-05
1.087816455696202501e-04
1.236155063291139323e-04
4.944620253164556885e-05
3.461234177215190023e-05
7.911392405063291287e-05
2.472310126582278442e-05
1.977848101265822822e-05
1.433939873417721571e-04
1.977848101265822822e-05
1.335047468354430447e-04
1.433939873417721571e-04
1.186708860759493625e-04
9.889240506329113770e-05
4.944620253164557054e-06
4.944620253164557054e-06
2.966772151898734063e-05
1.137262658227848063e-04
7.416930379746835666e-05
2.472310126582278442e-05
1.038370253164556939e-04
7.911392405063291287e-05
1.087816455696202501e-04
4.944620253164556885e-05
4.944620253164557054e-06
4.944620253164557054e-06
1.087816455696202501e-04
1.285601265822784885e-04
1.236155063291139323e-04
8.405854430379746907e-05
6.428006329113924425e-05
9.889240506329114108e-06
1.087816455696202501e-04
3.461234177215190023e-05
1.433939873417721571e-04
8.900316455696202528e-05
5.439082278481012506e-05
4.944620253164557054e-06
1.087816455696202501e-04
1.384493670886076009e-04
1.137262658227848063e-04
1.681170886075949381e-04
1.087816455696202501e-04
1.582278481012658257e-04
7.911392405063291287e-05
9.394778481012658149e-05
1.236155063291139323e-04
9.889240506329113770e-05
4.944620253164557054e-06
7.416930379746835666e-05
6.922468354430380045e-05
5.439082278481012506e-05
4.944620253164557054e-06
3.955696202531645643e-05
1.038370253164556939e-04
1.038370253164556939e-04
4.944620253164557054e-06
6.922468354430380045e-05
1.236155063291139323e-04
4.450158227848101264e-05
8.900316455696202528e-05
9.889240506329114108e-06
1.038370253164556939e-04
1.038370253164556939e-04
9.394778481012658149e-05
1.038370253164556939e-04
1.384493670886076009e-04
1.236155063291139323e-04
1.384493670886076009e-04
8.900316455696202528e-05
1.186708860759493625e-04
1.483386075949367032e-05
3.955696202531645643e-05
8.900316455696202528e-05
1.186708860759493625e-04
9.889240506329113770e-05
2.472310126582278442e-05
6.428006329113924425e-05
1.433939873417721571e-04
1.236155063291139323e-04
4.944620253164557054e-06
1.433939873417721571e-04
9.394778481012658149e-05
1.433939873417721571e-04
1.236155063291139323e-04
4.944620253164556885e-05
9.889240506329113770e-05
4.944620253164557054e-06
4.944620253164557054e-06
1.483386075949367032e-05
4.944620253164557054e-06
1.335047468354430447e-04
9.889240506329113770e-05
8.900316455696202528e-05
4.944620253164557054e-06
9.889240506329114108e-06
1.236155063291139323e-04
1.186708860759493625e-04
1.483386075949367032e-05
8.900316455696202528e-05
1.285601265822784885e-04
1.285601265822784885e-04
9.889240506329114108e-06
1.236155063291139323e-04
1.087816455696202501e-04
6.428006329113924425e-05
1.433939873417721571e-04
1.038370253164556939e-04
3.955696202531645643e-05
7.911392405063291287e-05
8.405854430379746907e-05
6.922468354430380045e-05
6.428006329113924425e-05
9.394778481012658149e-05
1.186708860759493625e-04
9.889240506329114108e-06
4.944620253164557054e-06
3.955696202531645643e-05
6.428006329113924425e-05
3.461234177215190023e-05
2.472310126582278442e-05
2.472310126582278442e-05
2.966772151898734063e-05
1.384493670886076009e-04
9.889240506329113770e-05
5.439082278481012506e-05
4.944620253164557054e-06
3.955696202531645643e-05
9.889240506329114108e-06
1.038370253164556939e-04
9.889240506329114108e-06
5.439082278481012506e-05
9.889240506329113770e-05
4.450158227848101264e-05
4.944620253164557054e-06
6.922468354430380045e-05
7.416930379746835666e-05
4.944620253164557054e-06
1.186708860759493625e-04
2.966772151898734063e-05
8.900316455696202528e-05
1.285601265822784885e-04
9.394778481012658149e-05
9.394778481012658149e-05
4.450158227848101264e-05
4.944620253164556885e-05
1.977848101265822822e-05
4.944620253164556885e-05
5.439082278481012506e-05
5.439082278481012506e-05
1.384493670886076009e-04
9.889240506329114108e-06
3.955696202531645643e-05
1.137262658227848063e-04
9.394778481012658149e-05
4.944620253164557054e-06
2.472310126582278442e-05
9.889240506329114108e-06
5.933544303797468126e-05
1.038370253164556939e-04
1.483386075949367032e-05
8.900316455696202528e-05
1.483386075949367032e-05
8.405854430379746907e-05
5.933544303797468126e-05
5.933544303797468126e-05
2.966772151898734063e-05
4.450158227848101264e-05
1.087816455696202501e-04
2.966772151898734063e-05
1.384493670886076009e-04
8.405854430379746907e-05
4.944620253164557054e-06
4.944620253164556885e-05
1.038370253164556939e-04
7.416930379746835666e-05
1.087816455696202501e-04
6.428006329113924425e-05
6.922468354430380045e-05
7.416930379746835666e-05
9.394778481012658149e-05
1.137262658227848063e-04
4.944620253164557054e-06
2.472310126582278442e-05
1.977848101265822822e-05
7.416930379746835666e-05
1.285601265822784885e-04
1.483386075949367032e-05
1.433939873417721571e-04
9.889240506329113770e-05
4.944620253164557054e-06
1.137262658227848063e-04
2.472310126582278442e-05
1.483386075949367133e-04
1.285601265822784885e-04
7.911392405063291287e-05
9.889240506329114108e-06
2.472310126582278442e-05
5.933544303797468126e-05
4.944620253164557054e-06
4.944620253164557054e-06
1.483386075949367133e-04
2.472310126582278442e-05
3.955696202531645643e-05
4.944620253164557054e-06
9.394778481012658149e-05
1.137262658227848063e-04
1.137262658227848063e-04
1.186708860759493625e-04
1.236155063291139323e-04
5.933544303797468126e-05
3.955696202531645643e-05
2.966772151898734063e-05
8.405854430379746907e-05
1.137262658227848063e-04
1.236155063291139323e-04
2.966772151898734063e-05
4.944620253164557054e-06
4.944620253164557054e-06
1.186708860759493625e-04
9.889240506329114108e-06
3.461234177215190023e-05
1.087816455696202501e-04
1.977848101265822822e-05
1.483386075949367032e-05
4.450158227848101264e-05
1.038370253164556939e-04
5.933544303797468126e-05
4.944620253164557054e-06
5.933544303797468126e-05
4.944620253164557054e-06
2.472310126582278442e-05
5.439082278481012506e-05
7.911392405063291287e-05
3.461234177215190023e-05
8.405854430379746907e-05
6.428006329113924425e-05
1.483386075949367032e-05
2.472310126582278442e-05
7.911392405063291287e-05
8.900316455696202528e-05
7.911392405063291287e-05
8.900316455696202528e-05
8.405854430379746907e-05
1.038370253164556939e-04
3.461234177215190023e-05
8.405854430379746907e-05
4.944620253164557054e-06
4.944620253164557054e-06
1.335047468354430447e-04
4.450158227848101264e-05
4.944620253164557054e-06
9.889240506329114108e-06
5.439082278481012506e-05
4.944620253164557054e-06
1.038370253164556939e-04
8.405854430379746907e-05
1.433939873417721571e-04
5.439082278481012506e-05
5.933544303797468126e-05
9.889240506329114108e-06
9.889240506329114108e-06
1.977848101265822822e-05
1.038370253164556939e-04
4.450158227848101264e-05
2.966772151898734063e-05
4.944620253164557054e-06
4.944620253164557054e-06
9.394778481012658149e-05
1.087816455696202501e-04
1.335047468354430447e-04
5.439082278481012506e-05
3.461234177215190023e-05
4.944620253164557054e-06
9.394778481012658149e-05
7.416930379746835666e-05
2.966772151898734063e-05
9.889240506329113770e-05
1.335047468354430447e-04
1.977848101265822822e-05
9.889240506329113770e-05
1.236155063291139323e-04
7.911392405063291287e-05
7.416930379746835666e-05
4.944620253164557054e-06
5.933544303797468126e-05
7.416930379746835666e-05
8.405854430379746907e-05
7.911392405063291287e-05
5.439082278481012506e-05
1.335047468354430447e-04
3.955696202531645643e-05
1.087816455696202501e-04
5.933544303797468126e-05
6.922468354430380045e-05
5.933544303797468126e-05
7.416930379746835666e-05
3.461234177215190023e-05
7.416930379746835666e-05
1.977848101265822822e-05
5.933544303797468126e-05
4.944620253164557054e-06
5.933544303797468126e-05
3.955696202531645643e-05
9.394778481012658149e-05
6.922468354430380045e-05
9.889240506329114108e-06
3.461234177215190023e-05
1.236155063291139323e-04
5.439082278481012506e-05
3.955696202531645643e-05
9.889240506329113770e-05
4.944620253164557054e-06
1.977848101265822822e-05
4.944620253164557054e-06
9.889240506329113770e-05
4.944620253164556885e-05
1.384493670886076009e-04
4.944620253164557054e-06
3.461234177215190023e-05
9.394778481012658149e-05
2.966772151898734063e-05
2.472310126582278442e-05
9.394778481012658149e-05
3.461234177215190023e-05
1.038370253164556939e-04
3.955696202531645643e-05
5.439082278481012506e-05
6.922468354430380045e-05
2.966772151898734063e-05
2.966772151898734063e-05
4.944620253164557054e-06
9.889240506329114108e-06
3.461234177215190023e-05
5.439082278481012506e-05
8.405854430379746907e-05
1.038370253164556939e-04
7.416930379746835666e-05
1.087816455696202501e-04
7.911392405063291287e-05
5.933544303797468126e-05
6.428006329113924425e-05
4.944620253164557054e-06
1.038370253164556939e-04
2.472310126582278442e-05
1.186708860759493625e-04
4.450158227848101264e-05
9.394778481012658149e-05
5.439082278481012506e-05
9.394778481012658149e-05
4.944620253164556885e-05
7.911392405063291287e-05
2.472310126582278442e-05
4.944620253164557054e-06
1.038370253164556939e-04
4.944620253164557054e-06
1.483386075949367032e-05
7.416930379746835666e-05
7.416930379746835666e-05
1.137262658227848063e-04
8.900316455696202528e-05
1.137262658227848063e-04
1.038370253164556939e-04
8.900316455696202528e-05
4.944620253164556885e-05
4.944620253164557054e-06
9.889240506329114108e-06
4.944620253164557054e-06
2.472310126582278442e-05
1.977848101265822822e-05
1.483386075949367032e-05
2.966772151898734063e-05
7.416930379746835666e-05
9.394778481012658149e-05
8.405854430379746907e-05
1.977848101265822822e-05
8.900316455696202528e-05
2.966772151898734063e-05
5.933544303797468126e-05
3.461234177215190023e-05
4.944620253164557054e-06
4.944620253164556885e-05
4.450158227848101264e-05
6.428006329113924425e-05
1.977848101265822822e-05
1.236155063291139323e-04
1.483386075949367032e-05
4.944620253164556885e-05
6.428006329113924425e-05
1.186708860759493625e-04
2.472310126582278442e-05
1.483386075949367032e-05
2.966772151898734063e-05
1.087816455696202501e-04
9.394778481012658149e-05
6.922468354430380045e-05
6.922468354430380045e-05
5.933544303797468126e-05
9.394778481012658149e-05
5.439082278481012506e-05
8.900316455696202528e-05
4.944620253164556885e-05
2.472310126582278442e-05
4.944620253164556885e-05
1.977848101265822822e-05
2.966772151898734063e-05
1.186708860759493625e-04
4.944620253164557054e-06
1.977848101265822822e-05
3.461234177215190023e-05
9.394778481012658149e-05
5.933544303797468126e-05
4.944620253164557054e-06
9.889240506329114108e-06
4.944620253164557054e-06
6.922468354430380045e-05
3.955696202531645643e-05
1.087816455696202501e-04
1.335047468354430447e-04
1.186708860759493625e-04
9.889240506329114108e-06
5.439082278481012506e-05
7.416930379746835666e-05
1.038370253164556939e-04
1.137262658227848063e-04
6.922468354430380045e-05
4.450158227848101264e-05
7.911392405063291287e-05
5.933544303797468126e-05
9.889240506329114108e-06
1.236155063291139323e-04
6.428006329113924425e-05
1.977848101265822822e-05
7.416930379746835666e-05
5.933544303797468126e-05
2.472310126582278442e-05
4.944620253164557054e-06
8.900316455696202528e-05
5.933544303797468126e-05
5.933544303797468126e-05
1.038370253164556939e-04
9.889240506329113770e-05
2.966772151898734063e-05
2.472310126582278442e-05
4.450158227848101264e-05
9.889240506329113770e-05
2.966772151898734063e-05
6.428006329113924425e-05
4.944620253164557054e-06
5.439082278481012506e-05
3.955696202531645643e-05
6.922468354430380045e-05
9.889240506329113770e-05
9.889240506329114108e-06
7.911392405063291287e-05
4.944620253164557054e-06
9.394778481012658149e-05
8.405854430379746907e-05
4.944620253164557054e-06
1.087816455696202501e-04
1.038370253164556939e-04
1.483386075949367032e-05
4.944620253164557054e-06
1.977848101265822822e-05
3.955696202531645643e-05
3.955696202531645643e-05
4.450158227848101264e-05
3.461234177215190023e-05
8.405854430379746907e-05
6.428006329113924425e-05
3.955696202531645643e-05
8.405854430379746907e-05
4.944620253164557054e-06
4.944620253164557054e-06
1.977848101265822822e-05
6.922468354430380045e-05
4.944620253164557054e-06
4.944620253164557054e-06
1.285601265822784885e-04
5.933544303797468126e-05
6.428006329113924425e-05
9.394778481012658149e-05
2.966772151898734063e-05
1.483386075949367032e-05
1.038370253164556939e-04
1.384493670886076009e-04
7.911392405063291287e-05
5.439082278481012506e-05
6.428006329113924425e-05
5.439082278481012506e-05
4.944620253164557054e-06
9.394778481012658149e-05
8.405854430379746907e-05
1.977848101265822822e-05
2.966772151898734063e-05
4.944620253164557054e-06
6.922468354430380045e-05
7.416930379746835666e-05
1.335047468354430447e-04
3.461234177215190023e-05
6.428006329113924425e-05
4.450158227848101264e-05
4.944620253164557054e-06
1.977848101265822822e-05
7.416930379746835666e-05
9.394778481012658149e-05
4.944620253164557054e-06
9.889240506329114108e-06
7.416930379746835666e-05
4.944620253164557054e-06
8.900316455696202528e-05
5.933544303797468126e-05
7.911392405063291287e-05
4.944620253164556885e-05
2.966772151898734063e-05
1.483386075949367032e-05
2.472310126582278442e-05
4.944620253164557054e-06
4.450158227848101264e-05
8.900316455696202528e-05
2.966772151898734063e-05
1.977848101265822822e-05
4.944620253164557054e-06
1.483386075949367032e-05
7.416930379746835666e-05
7.416930379746835666e-05
4.944620253164557054e-06
7.911392405063291287e-05
3.955696202531645643e-05
4.944620253164556885e-05
1.483386075949367032e-05
8.405854430379746907e-05
8.900316455696202528e-05
7.416930379746835666e-05
3.955696202531645643e-05
5.933544303797468126e-05
8.900316455696202528e-05
4.450158227848101264e-05
9.394778481012658149e-05
1.483386075949367032e-05
5.439082278481012506e-05
6.922468354430380045e-05
1.977848101265822822e-05
3.461234177215190023e-05
1.977848101265822822e-05
1.236155063291139323e-04
7.416930379746835666e-05
7.416930379746835666e-05
1.977848101265822822e-05
6.428006329113924425e-05
7.416930379746835666e-05
9.889240506329114108e-06
5.439082278481012506e-05
3.955696202531645643e-05
1.977848101265822822e-05
8.900316455696202528e-05
4.944620253164557054e-06
4.944620253164556885e-05
9.889240506329114108e-06
8.900316455696202528e-05
7.416930379746835666e-05
5.439082278481012506e-05
1.137262658227848063e-04
1.236155063291139323e-04
4.944620253164556885e-05
4.450158227848101264e-05
2.966772151898734063e-05
5.439082278481012506e-05
3.955696202531645643e-05
2.966772151898734063e-05
1.038370253164556939e-04
2.966772151898734063e-05
2.966772151898734063e-05
1.977848101265822822e-05
4.944620253164557054e-06
9.394778481012658149e-05
6.922468354430380045e-05
1.087816455696202501e-04
5.933544303797468126e-05
4.944620253164556885e-05
6.922468354430380045e-05
4.944620253164556885e-05
7.911392405063291287e-05
9.889240506329114108e-06
8.405854430379746907e-05
4.450158227848101264e-05
6.428006329113924425e-05
1.236155063291139323e-04
1.977848101265822822e-05
9.394778481012658149e-05
1.977848101265822822e-05
4.944620253164557054e-06
5.439082278481012506e-05
1.977848101265822822e-05
4.944620253164557054e-06
3.955696202531645643e-05
7.911392405063291287e-05
5.933544303797468126e-05
3.955696202531645643e-05
4.944620253164557054e-06
9.394778481012658149e-05
3.955696202531645643e-05
2.966772151898734063e-05
2.966772151898734063e-05
4.944620253164557054e-06
4.944620253164557054e-06
6.922468354430380045e-05
5.439082278481012506e-05
7.911392405063291287e-05
6.922468354430380045e-05
8.900316455696202528e-05
4.944620253164557054e-06
3.461234177215190023e-05
5.439082278481012506e-05
1.977848101265822822e-05
9.889240506329114108e-06
