1.288086372046183656e-04
1.382936368533220842e-02
1.053888849855968507e-04
1.170987610951076081e-05
8.852666338790135189e-03
9.133703365418393639e-04
4.356073912738003470e-03
1.452024637579334490e-03
4.683950443804304326e-05
1.053888849855968507e-04
1.873580177521721730e-04
1.170987610951076081e-05
1.463734513688845105e-03
2.904049275158668980e-03
5.538771399798590560e-03
1.170987610951076081e-05
1.826740673083678728e-03
6.370172603573854425e-03
4.215555399423874029e-04
1.756481416426614224e-04
1.311506124265205374e-03
2.482493735216281198e-03
4.531722054380665082e-03
3.559802337291271667e-03
7.705098480058080596e-03
1.170987610951076081e-05
3.829129487810019068e-03
3.676901098386379119e-03
1.007049345417925477e-03
2.224876460807044792e-04
4.918147965994519935e-03
7.260123187896672450e-03
1.592543150893463606e-03
2.576172744092367311e-04
2.341975221902152163e-05
7.728518232277102476e-04
4.918147965994520152e-04
3.594931965619803729e-03
1.639382655331506717e-04
1.604253027002974221e-03
1.206117239279608320e-03
1.709641911988571059e-03
2.634722124639921146e-03
5.854938054755380746e-05
1.405185133141291433e-04
2.833790018501604422e-03
4.180425771095341858e-03
1.815030796974168113e-03
2.037518443054872619e-03
3.407573947867631719e-03
1.030469097636946925e-03
1.639382655331506717e-04
3.231925806224970107e-03
2.224876460807044792e-04
3.630061593948336225e-04
1.580833274783952774e-03
1.053888849855968507e-04
4.765919576570879987e-03
1.170987610951076081e-05
2.693271505187475089e-04
2.962598655706222706e-03
2.154617204149980071e-03
7.962715754467318031e-04
3.196796177896438045e-03
1.405185133141291433e-04
2.599592496311389084e-03
1.182697487060586873e-03
2.224876460807044629e-03
1.569123398674441942e-03
2.775240637954050262e-03
1.920419681959764950e-03
2.260006089135577125e-03
1.206117239279608320e-03
2.283425841354598355e-03
1.803320920864657281e-03
5.398252886484460576e-03
1.170987610951076081e-05
1.170987610951076081e-05
6.323333099135811314e-04
4.683950443804304326e-05
5.854938054755380204e-04
2.049228319164383451e-03
1.885290053631232671e-03
2.107777699711937177e-03
2.470783859106770800e-03
2.295135717464109187e-03
1.709641911988571059e-03
2.400524602449706241e-03
5.620740532565165733e-04
1.885290053631232671e-03
2.681561629077964474e-03
2.494203611325792030e-03
1.674512283660038780e-03
1.803320920864657281e-03
2.541043115763835358e-03
1.206117239279608320e-03
9.602098409798824749e-04
2.189746832478512567e-03
9.367900887608608652e-05
2.295135717464109187e-03
2.025808566945361787e-03
1.077308602074990036e-03
1.990678938616829508e-04
4.438043045504578427e-03
4.157006018876320194e-03
1.053888849855968588e-03
2.353685098011662914e-03
1.440314761469823658e-03
1.007049345417925477e-03
3.512962832853228583e-05
7.025925665706456895e-04
1.288086372046183656e-04
3.512962832853228583e-05
1.077308602074990036e-03
3.395864071758120670e-04
4.098456638328766251e-04
3.676901098386379119e-03
3.009438160144265600e-03
1.592543150893463606e-03
2.341975221902152298e-04
2.283425841354598355e-03
1.405185133141291433e-04
4.683950443804304597e-04
3.993067753343169414e-03
1.733061664207592723e-03
1.416895009250802211e-03
1.323216000374715989e-03
1.124148106513033147e-03
1.194407363170097705e-03
2.142907328040469239e-03
4.566851682709196711e-03
8.196913276657532502e-04
2.751820885735029032e-03
1.850160425302700392e-03
2.388814726340195409e-03
1.170987610951076149e-04
2.611302372420899916e-03
1.896999929740743286e-03
7.025925665706456895e-04
1.604253027002974221e-03
1.686222159769549611e-03
1.252956743717651431e-03
8.079814515562425267e-04
5.152345488184734623e-04
5.152345488184734623e-04
2.224876460807044629e-03
9.367900887608609194e-04
1.229536991498629984e-03
1.170987610951076081e-05
5.269444249279842942e-04
9.367900887608608652e-05
5.972036815850488524e-04
4.683950443804304326e-05
1.288086372046183710e-03
1.170987610951076149e-04
9.367900887608609194e-04
3.512962832853228583e-05
1.170987610951076081e-05
1.018759221527436309e-03
5.854938054755380746e-05
3.512962832853228448e-04
9.367900887608609194e-04
1.276376495936673095e-03
2.810370266282582758e-03
1.170987610951076081e-05
2.107777699711937014e-04
2.341975221902152298e-04
6.206234338040702994e-04
1.077308602074990036e-03
2.084357947492915513e-03
5.152345488184734623e-04
6.440431860230918550e-04
4.180425771095341858e-03
1.405185133141291433e-04
4.801049204899412374e-04
8.548209559942855293e-04
1.791611044755146449e-03
6.089135576945595759e-04
5.854938054755380204e-04
7.025925665706457166e-05
1.264666619827162263e-03
1.170987610951076081e-05
1.334925876484226821e-03
8.431110798847748057e-04
1.065598725965479204e-03
7.494320710086886921e-04
2.341975221902152163e-05
5.737839293660272968e-04
1.030469097636946925e-03
1.065598725965479204e-03
2.400524602449706241e-03
1.288086372046183656e-04
1.288086372046183710e-03
6.908826904611349660e-04
8.899505843228179168e-04
4.683950443804304326e-05
1.030469097636946925e-03
9.602098409798824749e-04
1.018759221527436309e-03
2.341975221902152163e-05
9.133703365418393639e-04
8.782407082133070848e-04
1.030469097636946925e-03
2.107777699711937177e-03
9.953394693084146455e-04
2.107777699711937177e-03
1.346635752593737653e-03
9.953394693084146455e-04
9.953394693084146455e-04
2.224876460807044792e-04
1.135857982622543762e-03
1.346635752593737653e-03
1.007049345417925477e-03
1.908709805850254118e-03
3.477833204524696277e-03
1.170987610951076081e-05
2.552752991873346190e-03
5.503641771470057413e-04
2.060938195273893849e-03
2.060938195273893849e-03
1.159277734841565426e-03
1.920419681959764950e-03
1.615962903112485053e-03
2.341975221902152163e-05
1.288086372046183710e-03
8.079814515562425267e-04
7.260123187896672450e-04
1.170987610951076081e-05
3.126536921239373486e-03
1.416895009250802211e-03
1.170987610951076149e-04
2.412234478559216640e-03
4.918147965994520152e-04
4.215555399423874029e-04
1.885290053631232671e-03
4.683950443804304326e-05
9.367900887608608652e-05
2.693271505187475089e-04
9.484999648703716429e-04
2.341975221902152163e-05
1.217827115389119152e-03
1.990678938616829291e-03
1.522283894236398940e-04
1.170987610951076081e-05
6.557530621326026869e-04
1.089018478184500868e-03
2.295135717464109187e-03
7.962715754467318031e-04
1.346635752593737653e-03
1.194407363170097705e-03
1.170987610951076081e-05
1.241246867608140599e-03
1.756481416426614224e-04
9.367900887608608652e-05
1.147567858732054594e-03
1.639382655331506717e-04
3.512962832853228583e-05
5.035246727089627387e-04
1.112438230403522315e-03
1.170987610951076081e-05
1.170987610951076081e-05
1.932129558069275565e-03
1.030469097636946925e-03
1.639382655331506500e-03
1.147567858732054594e-03
3.630061593948336225e-04
3.512962832853228583e-05
2.341975221902152163e-05
1.170987610951076081e-05
3.630061593948336225e-04
1.288086372046183656e-04
1.592543150893463606e-03
1.007049345417925477e-03
9.133703365418393639e-04
8.196913276657532502e-04
2.576172744092367311e-04
1.873580177521721730e-04
1.932129558069275565e-03
9.367900887608609194e-04
5.386543010374950178e-04
1.100728354294011483e-03
1.452024637579334490e-03
4.098456638328766251e-04
5.854938054755380746e-05
1.077308602074990036e-03
5.854938054755380746e-05
2.084357947492915513e-03
1.170987610951076081e-05
1.405185133141291379e-03
1.463734513688845105e-03
1.135857982622543762e-03
1.580833274783952774e-03
1.498864142017377384e-03
7.377221948991779686e-04
1.170987610951076081e-05
1.405185133141291433e-04
1.405185133141291433e-04
9.719197170893931984e-04
1.522283894236398940e-04
3.044567788472797880e-04
7.494320710086886921e-04
1.346635752593737653e-03
5.737839293660272968e-04
1.170987610951076081e-05
3.512962832853228583e-05
1.147567858732054594e-03
1.170987610951076149e-04
1.545703646455420495e-03
7.025925665706456895e-04
2.576172744092367311e-04
2.576172744092367311e-04
1.053888849855968507e-04
7.845616993372209712e-04
9.367900887608609194e-04
1.756481416426614170e-03
5.503641771470057413e-04
3.278765310663013435e-04
7.728518232277102476e-04
1.170987610951076081e-05
3.864259116138551238e-04
2.014098690835850955e-03
7.025925665706456895e-04
4.449752921614089584e-04
2.049228319164383451e-03
4.683950443804304326e-05
1.170987610951076081e-05
8.899505843228179168e-04
1.323216000374715989e-03
2.341975221902152163e-05
1.135857982622543762e-03
7.025925665706456895e-04
1.850160425302700392e-03
1.896999929740743286e-03
2.341975221902152298e-04
7.025925665706457166e-05
1.522283894236398940e-04
1.405185133141291433e-04
2.341975221902152163e-05
4.683950443804304597e-04
8.431110798847748057e-04
1.978969062507318459e-03
7.260123187896672450e-04
7.025925665706457166e-05
3.512962832853228448e-04
1.932129558069275565e-03
5.152345488184734623e-04
3.864259116138551238e-04
1.030469097636946925e-03
6.674629382421134105e-04
5.737839293660272968e-04
1.533993770345909663e-03
2.693271505187475089e-04
1.475444389798355937e-03
4.683950443804304326e-05
5.620740532565165733e-04
5.854938054755380204e-04
9.016604604323286403e-04
1.159277734841565426e-03
5.269444249279842942e-04
3.864259116138551238e-04
9.602098409798824749e-04
9.836295931989040304e-04
8.314012037752640822e-04
7.143024426801564131e-04
2.072648071383404681e-03
9.367900887608608652e-05
3.512962832853228583e-05
1.217827115389119152e-03
1.381765380922269932e-03
1.662802407550528164e-03
9.602098409798824749e-04
7.845616993372209712e-04
1.639382655331506717e-04
1.651092531441017332e-03
8.782407082133070848e-04
1.089018478184500868e-03
1.170987610951076081e-05
3.044567788472797880e-04
3.161666549567905657e-04
8.782407082133070848e-04
1.452024637579334490e-03
1.206117239279608320e-03
2.341975221902152298e-04
1.170987610951076081e-05
5.737839293660272968e-04
1.580833274783952774e-03
5.972036815850488524e-04
1.170987610951076081e-05
1.639382655331506500e-03
2.810370266282582867e-04
3.395864071758120670e-04
1.007049345417925477e-03
2.341975221902152163e-05
9.367900887608608652e-05
1.463734513688845105e-03
1.170987610951076081e-05
8.665308321037963613e-04
2.341975221902152163e-05
9.250802126513501958e-04
4.215555399423874029e-04
8.196913276657532502e-04
7.260123187896672450e-04
1.170987610951076081e-05
1.170987610951076081e-05
2.459073982997260076e-04
9.836295931989040304e-04
8.899505843228179168e-04
1.288086372046183710e-03
1.639382655331506717e-04
3.278765310663013435e-04
7.377221948991779686e-04
1.288086372046183656e-04
8.431110798847748057e-04
1.674512283660038780e-03
1.756481416426614224e-04
5.737839293660272968e-04
8.079814515562425267e-04
8.196913276657532502e-04
1.686222159769549611e-03
5.386543010374950178e-04
9.719197170893931984e-04
6.440431860230918550e-04
3.981357877233659016e-04
3.747160355043443461e-04
1.405185133141291433e-04
5.503641771470057413e-04
3.278765310663013435e-04
1.721351788098081891e-03
6.440431860230918550e-04
3.864259116138551238e-04
8.196913276657533587e-05
5.269444249279842942e-04
4.683950443804304326e-05
9.953394693084146455e-04
1.194407363170097705e-03
7.611419471181995241e-04
4.683950443804304326e-05
1.323216000374715989e-03
5.854938054755380746e-05
4.215555399423874029e-04
1.756481416426614224e-04
1.065598725965479204e-03
4.215555399423874029e-04
8.314012037752640822e-04
1.229536991498629984e-03
4.098456638328766251e-04
5.972036815850488524e-04
1.170987610951076081e-05
1.170987610951076081e-05
6.206234338040702994e-04
1.170987610951076081e-05
5.854938054755380204e-04
1.170987610951076081e-05
1.170987610951076081e-05
2.341975221902152163e-05
3.512962832853228583e-05
2.224876460807044792e-04
9.367900887608608652e-05
1.170987610951076081e-05
2.341975221902152163e-05
5.854938054755380746e-05
2.341975221902152163e-05
4.449752921614089584e-04
9.016604604323286403e-04
1.990678938616829508e-04
9.250802126513501958e-04
1.112438230403522315e-03
8.548209559942855293e-04
3.630061593948336225e-04
1.159277734841565426e-03
4.801049204899412374e-04
3.044567788472797880e-04
2.341975221902152163e-05
1.405185133141291433e-04
1.042178973746457757e-03
4.683950443804304597e-04
1.170987610951076081e-05
1.346635752593737653e-03
6.908826904611349660e-04
3.512962832853228583e-05
1.217827115389119152e-03
4.801049204899412374e-04
1.288086372046183656e-04
2.107777699711937014e-04
8.548209559942855293e-04
3.747160355043443461e-04
1.756481416426614224e-04
1.252956743717651431e-03
1.381765380922269932e-03
5.269444249279842942e-04
6.557530621326026869e-04
1.170987610951076081e-05
1.510574018126888216e-03
4.918147965994520152e-04
7.025925665706457166e-05
4.332654160518981806e-04
6.323333099135811314e-04
7.025925665706457166e-05
1.522283894236399048e-03
1.288086372046183656e-04
5.737839293660272968e-04
5.152345488184734623e-04
1.288086372046183710e-03
6.440431860230918550e-04
1.018759221527436309e-03
7.025925665706457166e-05
7.025925665706456895e-04
6.674629382421134105e-04
1.018759221527436309e-03
3.864259116138551238e-04
1.943839434178786397e-03
4.683950443804304326e-05
1.053888849855968507e-04
4.332654160518981806e-04
1.170987610951076081e-05
1.288086372046183656e-04
8.196913276657533587e-05
1.170987610951076081e-05
8.431110798847748057e-04
7.728518232277102476e-04
2.459073982997260076e-04
2.107777699711937014e-04
1.170987610951076081e-05
4.683950443804304326e-05
4.683950443804304597e-04
6.674629382421134105e-04
9.133703365418393639e-04
5.620740532565165733e-04
1.112438230403522315e-03
6.206234338040702994e-04
7.025925665706456895e-04
7.845616993372209712e-04
2.693271505187475089e-04
5.737839293660272968e-04
2.341975221902152163e-05
9.016604604323286403e-04
7.025925665706456895e-04
9.367900887608608652e-05
5.854938054755380204e-04
1.170987610951076081e-05
3.278765310663013435e-04
3.395864071758120670e-04
1.545703646455420495e-03
1.475444389798355937e-03
1.557413522564931327e-03
5.035246727089627387e-04
3.512962832853228448e-04
1.170987610951076081e-05
2.576172744092367311e-04
5.386543010374950178e-04
8.899505843228179168e-04
4.918147965994520152e-04
3.395864071758120670e-04
5.152345488184734623e-04
3.630061593948336225e-04
2.576172744092367311e-04
1.030469097636946925e-03
6.440431860230918550e-04
1.522283894236398940e-04
2.341975221902152298e-04
8.782407082133070848e-04
8.196913276657533587e-05
3.512962832853228583e-05
1.170987610951076081e-05
8.548209559942855293e-04
1.053888849855968588e-03
5.035246727089627387e-04
9.133703365418393639e-04
1.170987610951076081e-05
1.170987610951076081e-05
5.854938054755380204e-04
6.440431860230918550e-04
1.170987610951076081e-05
8.079814515562425267e-04
1.194407363170097705e-03
4.918147965994520152e-04
5.854938054755380204e-04
5.503641771470057413e-04
7.377221948991779686e-04
2.810370266282582867e-04
6.089135576945595759e-04
5.854938054755380204e-04
3.512962832853228583e-05
6.440431860230918550e-04
2.341975221902152163e-05
1.170987610951076081e-05
1.346635752593737653e-03
2.341975221902152163e-05
5.152345488184734623e-04
9.602098409798824749e-04
7.025925665706456895e-04
8.548209559942855293e-04
3.864259116138551238e-04
9.133703365418393639e-04
4.683950443804304326e-05
9.016604604323286403e-04
3.512962832853228583e-05
7.260123187896672450e-04
9.836295931989040304e-04
2.459073982997260076e-04
3.395864071758120670e-04
1.170987610951076081e-05
1.170987610951076081e-05
7.260123187896672450e-04
5.737839293660272968e-04
8.079814515562425267e-04
3.044567788472797880e-04
1.170987610951076081e-05
7.143024426801564131e-04
3.512962832853228583e-05
1.288086372046183710e-03
3.512962832853228583e-05
2.810370266282582867e-04
2.341975221902152163e-05
3.044567788472797880e-04
6.908826904611349660e-04
7.494320710086886921e-04
3.044567788472797880e-04
9.602098409798824749e-04
2.341975221902152163e-05
3.512962832853228583e-05
3.747160355043443461e-04
2.341975221902152163e-05
5.152345488184734623e-04
7.025925665706457166e-05
3.981357877233659016e-04
4.683950443804304597e-04
2.341975221902152163e-05
5.269444249279842942e-04
6.557530621326026869e-04
1.170987610951076081e-05
1.170987610951076041e-03
7.845616993372209712e-04
7.025925665706456895e-04
8.196913276657532502e-04
3.395864071758120670e-04
2.810370266282582867e-04
8.665308321037963613e-04
2.459073982997260076e-04
9.016604604323286403e-04
2.341975221902152163e-05
8.665308321037963613e-04
1.170987610951076081e-05
5.972036815850488524e-04
2.224876460807044792e-04
9.367900887608609194e-04
7.025925665706456895e-04
2.224876460807044792e-04
1.170987610951076081e-05
4.332654160518981806e-04
4.215555399423874029e-04
1.873580177521721730e-04
2.459073982997260076e-04
4.683950443804304326e-05
1.264666619827162263e-03
2.341975221902152298e-04
9.719197170893931984e-04
6.206234338040702994e-04
2.341975221902152163e-05
1.135857982622543762e-03
8.196913276657533587e-05
2.459073982997260076e-04
8.196913276657532502e-04
2.341975221902152163e-05
5.854938054755380204e-04
2.576172744092367311e-04
3.512962832853228583e-05
5.972036815850488524e-04
2.341975221902152163e-05
1.990678938616829508e-04
1.170987610951076081e-05
3.278765310663013435e-04
3.512962832853228583e-05
7.025925665706457166e-05
5.854938054755380746e-05
9.250802126513501958e-04
4.683950443804304326e-05
9.016604604323286403e-04
8.314012037752640822e-04
5.854938054755380746e-05
7.611419471181995241e-04
4.332654160518981806e-04
4.918147965994520152e-04
4.566851682709196819e-04
3.747160355043443461e-04
1.170987610951076041e-03
1.053888849855968507e-04
1.170987610951076081e-05
1.990678938616829508e-04
1.170987610951076149e-04
5.269444249279842942e-04
7.377221948991779686e-04
5.854938054755380746e-05
3.512962832853228583e-05
2.810370266282582867e-04
1.170987610951076081e-05
8.548209559942855293e-04
4.683950443804304597e-04
3.278765310663013435e-04
1.206117239279608320e-03
5.035246727089627387e-04
3.278765310663013435e-04
2.927469027377690102e-04
3.278765310663013435e-04
6.206234338040702994e-04
5.972036815850488524e-04
2.341975221902152163e-05
1.170987610951076081e-05
7.025925665706457166e-05
5.972036815850488524e-04
7.377221948991779686e-04
9.016604604323286403e-04
7.025925665706456895e-04
9.250802126513501958e-04
2.224876460807044792e-04
3.395864071758120670e-04
1.405185133141291433e-04
2.341975221902152163e-05
7.143024426801564131e-04
1.873580177521721730e-04
4.918147965994520152e-04
1.522283894236398940e-04
3.161666549567905657e-04
4.683950443804304597e-04
2.341975221902152163e-05
1.112438230403522315e-03
1.405185133141291433e-04
1.170987610951076081e-05
6.323333099135811314e-04
3.981357877233659016e-04
5.972036815850488524e-04
5.854938054755380746e-05
1.170987610951076149e-04
2.810370266282582867e-04
4.683950443804304326e-05
5.972036815850488524e-04
8.196913276657533587e-05
5.854938054755380204e-04
3.044567788472797880e-04
3.512962832853228448e-04
7.025925665706457166e-05
3.395864071758120670e-04
6.206234338040702994e-04
9.133703365418393639e-04
2.341975221902152163e-05
1.170987610951076081e-05
1.873580177521721730e-04
8.196913276657532502e-04
1.170987610951076081e-05
1.170987610951076081e-05
3.512962832853228583e-05
6.440431860230918550e-04
5.269444249279842942e-04
1.170987610951076081e-05
2.810370266282582867e-04
4.332654160518981806e-04
7.377221948991779686e-04
3.278765310663013435e-04
6.440431860230918550e-04
8.431110798847748057e-04
2.341975221902152163e-05
1.170987610951076149e-04
4.449752921614089584e-04
5.035246727089627387e-04
3.161666549567905657e-04
1.288086372046183656e-04
1.522283894236398940e-04
5.854938054755380746e-05
1.170987610951076081e-05
2.927469027377690102e-04
5.503641771470057413e-04
4.683950443804304597e-04
1.065598725965479204e-03
2.107777699711937014e-04
2.927469027377690102e-04
3.278765310663013435e-04
8.196913276657533587e-05
1.124148106513033147e-03
3.044567788472797880e-04
1.170987610951076081e-05
5.503641771470057413e-04
5.152345488184734623e-04
1.170987610951076149e-04
5.503641771470057413e-04
1.170987610951076081e-05
1.288086372046183656e-04
9.016604604323286403e-04
1.756481416426614224e-04
1.170987610951076081e-05
7.494320710086886921e-04
6.557530621326026869e-04
1.170987610951076081e-05
6.323333099135811314e-04
4.566851682709196819e-04
4.801049204899412374e-04
9.016604604323286403e-04
7.845616993372209712e-04
3.161666549567905657e-04
3.981357877233659016e-04
7.143024426801564131e-04
1.756481416426614224e-04
7.143024426801564131e-04
9.016604604323286403e-04
4.801049204899412374e-04
1.639382655331506717e-04
2.224876460807044792e-04
7.845616993372209712e-04
9.367900887608608652e-05
6.908826904611349660e-04
4.332654160518981806e-04
2.107777699711937014e-04
9.953394693084146455e-04
8.314012037752640822e-04
9.836295931989040304e-04
8.196913276657533587e-05
7.260123187896672450e-04
7.494320710086886921e-04
8.196913276657533587e-05
6.674629382421134105e-04
5.854938054755380746e-05
1.170987610951076081e-05
5.503641771470057413e-04
4.683950443804304326e-05
4.098456638328766251e-04
1.170987610951076081e-05
2.693271505187475089e-04
4.683950443804304597e-04
3.630061593948336225e-04
4.918147965994520152e-04
6.323333099135811314e-04
1.170987610951076081e-05
3.512962832853228583e-05
2.341975221902152298e-04
1.170987610951076081e-05
1.288086372046183656e-04
4.683950443804304326e-05
6.908826904611349660e-04
4.215555399423874029e-04
2.341975221902152163e-05
4.918147965994520152e-04
3.044567788472797880e-04
2.107777699711937014e-04
4.449752921614089584e-04
1.170987610951076081e-05
7.962715754467318031e-04
3.395864071758120670e-04
1.194407363170097705e-03
1.053888849855968588e-03
3.512962832853228448e-04
6.206234338040702994e-04
2.341975221902152163e-05
5.737839293660272968e-04
6.206234338040702994e-04
4.683950443804304597e-04
2.341975221902152298e-04
8.899505843228179168e-04
5.854938054755380204e-04
4.215555399423874029e-04
3.512962832853228583e-05
2.927469027377690102e-04
5.269444249279842942e-04
3.981357877233659016e-04
8.196913276657532502e-04
4.449752921614089584e-04
1.170987610951076081e-05
1.522283894236398940e-04
3.161666549567905657e-04
2.341975221902152163e-05
3.161666549567905657e-04
1.170987610951076081e-05
2.810370266282582867e-04
5.035246727089627387e-04
9.016604604323286403e-04
5.854938054755380746e-05
1.170987610951076081e-05
9.016604604323286403e-04
3.747160355043443461e-04
6.206234338040702994e-04
1.170987610951076081e-05
3.512962832853228583e-05
4.098456638328766251e-04
2.341975221902152298e-04
3.747160355043443461e-04
5.035246727089627387e-04
2.107777699711937014e-04
3.512962832853228583e-05
5.854938054755380204e-04
6.206234338040702994e-04
1.170987610951076081e-05
4.098456638328766251e-04
3.395864071758120670e-04
4.683950443804304597e-04
2.341975221902152163e-05
6.206234338040702994e-04
4.683950443804304597e-04
5.620740532565165733e-04
5.620740532565165733e-04
7.025925665706457166e-05
6.908826904611349660e-04
1.873580177521721730e-04
1.170987610951076081e-05
2.341975221902152298e-04
1.639382655331506717e-04
1.170987610951076081e-05
2.576172744092367311e-04
7.143024426801564131e-04
1.170987610951076081e-05
5.269444249279842942e-04
2.459073982997260076e-04
4.683950443804304326e-05
6.206234338040702994e-04
4.098456638328766251e-04
2.576172744092367311e-04
3.395864071758120670e-04
4.918147965994520152e-04
6.206234338040702994e-04
3.161666549567905657e-04
3.161666549567905657e-04
2.341975221902152163e-05
1.170987610951076081e-05
1.170987610951076081e-05
9.367900887608608652e-05
6.323333099135811314e-04
3.747160355043443461e-04
9.367900887608608652e-05
2.341975221902152298e-04
3.747160355043443461e-04
7.025925665706457166e-05
2.341975221902152163e-05
1.639382655331506717e-04
1.170987610951076081e-05
6.791728143516241340e-04
1.522283894236398940e-04
5.854938054755380204e-04
2.341975221902152163e-05
2.576172744092367311e-04
1.053888849855968507e-04
3.512962832853228583e-05
3.747160355043443461e-04
1.170987610951076081e-05
4.098456638328766251e-04
6.557530621326026869e-04
1.405185133141291433e-04
1.990678938616829508e-04
8.196913276657532502e-04
3.630061593948336225e-04
3.512962832853228583e-05
5.269444249279842942e-04
3.747160355043443461e-04
1.170987610951076081e-05
7.962715754467318031e-04
7.377221948991779686e-04
7.728518232277102476e-04
2.341975221902152163e-05
3.630061593948336225e-04
2.341975221902152298e-04
3.747160355043443461e-04
5.386543010374950178e-04
6.791728143516241340e-04
1.053888849855968507e-04
6.674629382421134105e-04
5.737839293660272968e-04
1.170987610951076081e-05
1.990678938616829508e-04
3.044567788472797880e-04
1.170987610951076081e-05
5.035246727089627387e-04
7.260123187896672450e-04
8.196913276657533587e-05
1.170987610951076081e-05
1.170987610951076149e-04
2.224876460807044792e-04
2.927469027377690102e-04
5.620740532565165733e-04
6.089135576945595759e-04
2.576172744092367311e-04
3.864259116138551238e-04
1.756481416426614224e-04
4.918147965994520152e-04
7.260123187896672450e-04
1.990678938616829508e-04
1.873580177521721730e-04
7.494320710086886921e-04
7.494320710086886921e-04
3.512962832853228583e-05
5.269444249279842942e-04
3.512962832853228583e-05
3.512962832853228448e-04
1.170987610951076081e-05
2.224876460807044792e-04
5.035246727089627387e-04
3.044567788472797880e-04
1.756481416426614224e-04
5.972036815850488524e-04
1.990678938616829508e-04
2.341975221902152163e-05
1.756481416426614224e-04
7.025925665706457166e-05
1.170987610951076149e-04
8.196913276657533587e-05
6.908826904611349660e-04
1.170987610951076081e-05
2.341975221902152163e-05
3.161666549567905657e-04
1.170987610951076081e-05
3.981357877233659016e-04
4.215555399423874029e-04
7.025925665706457166e-05
4.449752921614089584e-04
3.864259116138551238e-04
5.737839293660272968e-04
2.927469027377690102e-04
1.170987610951076081e-05
1.170987610951076081e-05
5.737839293660272968e-04
2.693271505187475089e-04
1.170987610951076081e-05
1.170987610951076081e-05
3.512962832853228448e-04
2.341975221902152163e-05
3.044567788472797880e-04
2.341975221902152163e-05
2.459073982997260076e-04
1.873580177521721730e-04
3.395864071758120670e-04
1.170987610951076149e-04
2.341975221902152163e-05
3.981357877233659016e-04
2.693271505187475089e-04
4.449752921614089584e-04
1.288086372046183656e-04
1.170987610951076081e-05
5.854938054755380204e-04
1.170987610951076081e-05
1.170987610951076081e-05
1.405185133141291433e-04
2.810370266282582867e-04
4.918147965994520152e-04
9.367900887608608652e-05
2.341975221902152298e-04
8.196913276657533587e-05
2.341975221902152163e-05
1.053888849855968507e-04
2.459073982997260076e-04
3.044567788472797880e-04
7.377221948991779686e-04
1.405185133141291433e-04
7.025925665706457166e-05
1.873580177521721730e-04
3.278765310663013435e-04
1.170987610951076081e-05
2.341975221902152163e-05
5.269444249279842942e-04
1.990678938616829508e-04
1.170987610951076149e-04
3.512962832853228583e-05
4.098456638328766251e-04
1.522283894236398940e-04
1.639382655331506717e-04
6.908826904611349660e-04
2.927469027377690102e-04
2.810370266282582867e-04
1.288086372046183656e-04
3.630061593948336225e-04
4.683950443804304597e-04
1.170987610951076081e-05
5.386543010374950178e-04
6.557530621326026869e-04
4.683950443804304326e-05
5.503641771470057413e-04
4.098456638328766251e-04
3.395864071758120670e-04
1.170987610951076081e-05
7.143024426801564131e-04
6.908826904611349660e-04
3.278765310663013435e-04
1.053888849855968507e-04
4.683950443804304326e-05
7.845616993372209712e-04
3.747160355043443461e-04
4.683950443804304326e-05
2.576172744092367311e-04
6.440431860230918550e-04
7.611419471181995241e-04
5.386543010374950178e-04
2.224876460807044792e-04
1.170987610951076081e-05
2.107777699711937014e-04
2.341975221902152163e-05
8.079814515562425267e-04
4.098456638328766251e-04
5.737839293660272968e-04
7.025925665706457166e-05
3.512962832853228583e-05
1.873580177521721730e-04
7.025925665706457166e-05
8.899505843228179168e-04
2.341975221902152163e-05
5.620740532565165733e-04
4.801049204899412374e-04
1.756481416426614224e-04
1.170987610951076081e-05
3.630061593948336225e-04
6.440431860230918550e-04
2.576172744092367311e-04
2.927469027377690102e-04
2.341975221902152163e-05
4.683950443804304597e-04
4.449752921614089584e-04
7.025925665706457166e-05
1.405185133141291433e-04
3.161666549567905657e-04
3.278765310663013435e-04
1.170987610951076081e-05
1.170987610951076081e-05
4.332654160518981806e-04
1.170987610951076081e-05
3.981357877233659016e-04
1.522283894236398940e-04
7.025925665706457166e-05
2.107777699711937014e-04
8.196913276657533587e-05
2.459073982997260076e-04
5.854938054755380746e-05
1.170987610951076081e-05
4.098456638328766251e-04
6.674629382421134105e-04
1.170987610951076081e-05
1.170987610951076081e-05
2.341975221902152163e-05
1.170987610951076081e-05
2.341975221902152163e-05
5.503641771470057413e-04
1.170987610951076149e-04
1.170987610951076081e-05
1.990678938616829508e-04
3.864259116138551238e-04
7.025925665706457166e-05
1.170987610951076081e-05
1.170987610951076081e-05
5.152345488184734623e-04
2.810370266282582867e-04
2.341975221902152298e-04
4.566851682709196819e-04
2.693271505187475089e-04
2.341975221902152298e-04
9.367900887608608652e-05
5.620740532565165733e-04
3.864259116138551238e-04
2.224876460807044792e-04
1.639382655331506717e-04
4.683950443804304326e-05
8.665308321037963613e-04
4.683950443804304326e-05
8.665308321037963613e-04
1.170987610951076081e-05
5.386543010374950178e-04
4.332654160518981806e-04
2.576172744092367311e-04
4.683950443804304597e-04
3.747160355043443461e-04
5.854938054755380746e-05
5.386543010374950178e-04
3.278765310663013435e-04
3.981357877233659016e-04
5.152345488184734623e-04
1.288086372046183656e-04
2.341975221902152163e-05
3.747160355043443461e-04
1.170987610951076081e-05
8.196913276657533587e-05
1.170987610951076149e-04
3.512962832853228583e-05
4.683950443804304326e-05
3.864259116138551238e-04
2.107777699711937014e-04
1.522283894236398940e-04
2.576172744092367311e-04
2.576172744092367311e-04
1.170987610951076081e-05
2.107777699711937014e-04
3.395864071758120670e-04
1.170987610951076081e-05
4.215555399423874029e-04
1.756481416426614224e-04
1.405185133141291433e-04
5.854938054755380204e-04
1.405185133141291433e-04
2.224876460807044792e-04
2.107777699711937014e-04
2.341975221902152163e-05
1.170987610951076081e-05
1.522283894236398940e-04
7.025925665706457166e-05
2.810370266282582867e-04
5.854938054755380746e-05
1.756481416426614224e-04
4.683950443804304326e-05
4.683950443804304326e-05
4.215555399423874029e-04
3.747160355043443461e-04
3.747160355043443461e-04
6.206234338040702994e-04
3.630061593948336225e-04
7.025925665706457166e-05
1.170987610951076081e-05
3.981357877233659016e-04
2.224876460807044792e-04
9.367900887608608652e-05
2.341975221902152163e-05
2.459073982997260076e-04
7.025925665706457166e-05
2.576172744092367311e-04
1.522283894236398940e-04
1.170987610951076081e-05
5.854938054755380204e-04
1.170987610951076081e-05
2.341975221902152163e-05
3.512962832853228448e-04
1.170987610951076081e-05
5.269444249279842942e-04
1.522283894236398940e-04
2.341975221902152163e-05
2.810370266282582867e-04
2.810370266282582867e-04
2.576172744092367311e-04
1.170987610951076081e-05
2.927469027377690102e-04
5.152345488184734623e-04
4.449752921614089584e-04
1.170987610951076081e-05
4.566851682709196819e-04
5.152345488184734623e-04
1.170987610951076081e-05
1.170987610951076081e-05
3.512962832853228448e-04
2.224876460807044792e-04
3.278765310663013435e-04
2.224876460807044792e-04
1.288086372046183656e-04
2.224876460807044792e-04
1.639382655331506717e-04
2.341975221902152163e-05
2.576172744092367311e-04
1.170987610951076081e-05
2.693271505187475089e-04
2.341975221902152163e-05
3.630061593948336225e-04
2.927469027377690102e-04
8.196913276657533587e-05
2.341975221902152163e-05
1.522283894236398940e-04
9.367900887608608652e-05
1.756481416426614224e-04
5.972036815850488524e-04
2.693271505187475089e-04
9.367900887608608652e-05
1.639382655331506717e-04
5.972036815850488524e-04
4.332654160518981806e-04
4.566851682709196819e-04
1.522283894236398940e-04
4.215555399423874029e-04
5.854938054755380746e-05
4.683950443804304597e-04
2.810370266282582867e-04
1.990678938616829508e-04
2.459073982997260076e-04
5.035246727089627387e-04
2.576172744092367311e-04
9.367900887608608652e-05
7.025925665706457166e-05
4.683950443804304326e-05
2.927469027377690102e-04
5.152345488184734623e-04
1.639382655331506717e-04
4.332654160518981806e-04
3.981357877233659016e-04
7.025925665706457166e-05
1.170987610951076081e-05
3.630061593948336225e-04
2.810370266282582867e-04
1.405185133141291433e-04
5.620740532565165733e-04
7.611419471181995241e-04
1.756481416426614224e-04
7.025925665706457166e-05
1.990678938616829508e-04
2.810370266282582867e-04
5.620740532565165733e-04
1.405185133141291433e-04
1.756481416426614224e-04
4.215555399423874029e-04
1.522283894236398940e-04
1.170987610951076081e-05
4.449752921614089584e-04
3.512962832853228583e-05
3.512962832853228583e-05
4.918147965994520152e-04
4.918147965994520152e-04
3.981357877233659016e-04
5.503641771470057413e-04
3.395864071758120670e-04
1.170987610951076081e-05
4.683950443804304597e-04
3.512962832853228448e-04
1.170987610951076081e-05
5.152345488184734623e-04
4.566851682709196819e-04
4.566851682709196819e-04
2.341975221902152163e-05
1.170987610951076081e-05
5.620740532565165733e-04
2.693271505187475089e-04
4.215555399423874029e-04
3.395864071758120670e-04
4.683950443804304326e-05
4.683950443804304326e-05
1.170987610951076081e-05
1.288086372046183656e-04
9.367900887608608652e-05
2.341975221902152298e-04
5.854938054755380204e-04
2.341975221902152163e-05
7.025925665706457166e-05
9.367900887608608652e-05
4.683950443804304326e-05
2.341975221902152298e-04
9.367900887608608652e-05
4.683950443804304597e-04
2.224876460807044792e-04
1.639382655331506717e-04
1.170987610951076081e-05
1.170987610951076081e-05
4.215555399423874029e-04
1.053888849855968507e-04
5.152345488184734623e-04
7.025925665706457166e-05
1.639382655331506717e-04
2.576172744092367311e-04
3.512962832853228583e-05
4.215555399423874029e-04
4.098456638328766251e-04
2.224876460807044792e-04
2.224876460807044792e-04
4.918147965994520152e-04
1.405185133141291433e-04
1.522283894236398940e-04
1.170987610951076081e-05
1.170987610951076081e-05
1.170987610951076081e-05
1.170987610951076149e-04
1.873580177521721730e-04
3.512962832853228583e-05
4.098456638328766251e-04
5.854938054755380746e-05
7.025925665706457166e-05
4.918147965994520152e-04
4.801049204899412374e-04
1.990678938616829508e-04
3.512962832853228448e-04
3.512962832853228583e-05
1.170987610951076081e-05
3.512962832853228448e-04
4.566851682709196819e-04
5.386543010374950178e-04
1.873580177521721730e-04
1.170987610951076149e-04
1.522283894236398940e-04
3.630061593948336225e-04
4.449752921614089584e-04
1.170987610951076081e-05
3.512962832853228583e-05
2.693271505187475089e-04
1.170987610951076081e-05
1.756481416426614224e-04
2.341975221902152163e-05
2.341975221902152163e-05
1.288086372046183656e-04
4.215555399423874029e-04
1.053888849855968507e-04
6.206234338040702994e-04
5.854938054755380746e-05
2.459073982997260076e-04
1.405185133141291433e-04
1.170987610951076149e-04
1.170987610951076081e-05
1.288086372046183656e-04
5.854938054755380746e-05
3.161666549567905657e-04
2.224876460807044792e-04
1.170987610951076081e-05
3.044567788472797880e-04
4.801049204899412374e-04
4.098456638328766251e-04
2.341975221902152163e-05
2.341975221902152163e-05
4.683950443804304326e-05
4.098456638328766251e-04
2.341975221902152163e-05
1.170987610951076081e-05
1.756481416426614224e-04
1.170987610951076081e-05
2.341975221902152298e-04
4.683950443804304326e-05
3.512962832853228448e-04
7.025925665706457166e-05
3.512962832853228583e-05
4.449752921614089584e-04
3.512962832853228583e-05
2.576172744092367311e-04
2.224876460807044792e-04
1.639382655331506717e-04
3.512962832853228583e-05
1.170987610951076081e-05
2.341975221902152298e-04
1.639382655331506717e-04
1.170987610951076149e-04
3.044567788472797880e-04
2.341975221902152298e-04
1.756481416426614224e-04
2.224876460807044792e-04
1.170987610951076081e-05
3.981357877233659016e-04
1.053888849855968507e-04
3.512962832853228448e-04
1.170987610951076081e-05
4.683950443804304597e-04
1.990678938616829508e-04
2.459073982997260076e-04
5.035246727089627387e-04
4.918147965994520152e-04
1.053888849855968507e-04
1.288086372046183656e-04
2.810370266282582867e-04
2.341975221902152163e-05
5.035246727089627387e-04
1.170987610951076081e-05
3.044567788472797880e-04
2.810370266282582867e-04
4.918147965994520152e-04
3.512962832853228583e-05
2.341975221902152163e-05
2.927469027377690102e-04
1.639382655331506717e-04
4.566851682709196819e-04
3.512962832853228583e-05
3.864259116138551238e-04
2.224876460807044792e-04
3.044567788472797880e-04
4.683950443804304326e-05
1.170987610951076149e-04
1.405185133141291433e-04
5.854938054755380746e-05
4.566851682709196819e-04
4.683950443804304597e-04
1.170987610951076081e-05
3.395864071758120670e-04
3.395864071758120670e-04
4.683950443804304326e-05
3.981357877233659016e-04
3.512962832853228583e-05
1.170987610951076081e-05
1.170987610951076081e-05
1.170987610951076081e-05
4.683950443804304326e-05
1.170987610951076081e-05
3.512962832853228583e-05
4.918147965994520152e-04
2.810370266282582867e-04
3.630061593948336225e-04
4.683950443804304326e-05
3.044567788472797880e-04
1.756481416426614224e-04
1.873580177521721730e-04
2.224876460807044792e-04
1.170987610951076081e-05
5.854938054755380746e-05
4.098456638328766251e-04
9.367900887608608652e-05
1.170987610951076081e-05
2.107777699711937014e-04
2.693271505187475089e-04
1.170987610951076081e-05
1.170987610951076081e-05
5.035246727089627387e-04
4.683950443804304326e-05
3.278765310663013435e-04
1.873580177521721730e-04
1.170987610951076081e-05
8.196913276657533587e-05
2.341975221902152163e-05
1.170987610951076081e-05
7.025925665706457166e-05
1.756481416426614224e-04
3.630061593948336225e-04
3.981357877233659016e-04
5.035246727089627387e-04
2.341975221902152163e-05
3.395864071758120670e-04
2.693271505187475089e-04
1.170987610951076081e-05
3.512962832853228583e-05
2.927469027377690102e-04
2.341975221902152163e-05
4.332654160518981806e-04
3.044567788472797880e-04
2.341975221902152163e-05
1.639382655331506717e-04
1.170987610951076081e-05
3.981357877233659016e-04
1.756481416426614224e-04
1.522283894236398940e-04
9.367900887608608652e-05
4.098456638328766251e-04
3.981357877233659016e-04
3.512962832853228448e-04
2.341975221902152163e-05
2.927469027377690102e-04
1.170987610951076081e-05
1.522283894236398940e-04
1.053888849855968507e-04
1.170987610951076081e-05
9.367900887608608652e-05
4.683950443804304597e-04
4.566851682709196819e-04
4.215555399423874029e-04
3.278765310663013435e-04
1.990678938616829508e-04
3.512962832853228583e-05
1.170987610951076081e-05
4.566851682709196819e-04
2.576172744092367311e-04
2.810370266282582867e-04
3.161666549567905657e-04
2.341975221902152298e-04
1.170987610951076081e-05
7.025925665706457166e-05
4.566851682709196819e-04
7.025925665706457166e-05
8.196913276657533587e-05
3.044567788472797880e-04
2.459073982997260076e-04
2.341975221902152298e-04
1.170987610951076081e-05
4.332654160518981806e-04
2.341975221902152163e-05
1.873580177521721730e-04
2.576172744092367311e-04
8.196913276657533587e-05
3.630061593948336225e-04
3.981357877233659016e-04
3.512962832853228448e-04
4.098456638328766251e-04
1.170987610951076081e-05
4.566851682709196819e-04
1.170987610951076081e-05
1.170987610951076081e-05
1.873580177521721730e-04
2.810370266282582867e-04
2.810370266282582867e-04
4.215555399423874029e-04
2.459073982997260076e-04
9.367900887608608652e-05
2.810370266282582867e-04
2.576172744092367311e-04
2.107777699711937014e-04
5.269444249279842942e-04
8.196913276657533587e-05
2.927469027377690102e-04
1.756481416426614224e-04
2.693271505187475089e-04
7.025925665706457166e-05
1.639382655331506717e-04
2.341975221902152163e-05
1.053888849855968507e-04
3.981357877233659016e-04
2.810370266282582867e-04
3.512962832853228583e-05
5.854938054755380746e-05
1.639382655331506717e-04
2.927469027377690102e-04
2.224876460807044792e-04
1.170987610951076149e-04
2.341975221902152163e-05
1.522283894236398940e-04
1.873580177521721730e-04
1.170987610951076149e-04
3.044567788472797880e-04
1.990678938616829508e-04
3.864259116138551238e-04
1.639382655331506717e-04
3.864259116138551238e-04
2.927469027377690102e-04
1.170987610951076081e-05
3.512962832853228448e-04
4.098456638328766251e-04
2.576172744092367311e-04
2.224876460807044792e-04
4.215555399423874029e-04
5.854938054755380746e-05
1.288086372046183656e-04
7.025925665706457166e-05
1.756481416426614224e-04
1.170987610951076081e-05
1.873580177521721730e-04
2.341975221902152163e-05
1.170987610951076081e-05
1.170987610951076081e-05
1.170987610951076081e-05
2.341975221902152163e-05
1.170987610951076081e-05
7.025925665706457166e-05
1.170987610951076081e-05
4.098456638328766251e-04
3.161666549567905657e-04
1.522283894236398940e-04
2.341975221902152163e-05
2.341975221902152163e-05
3.278765310663013435e-04
3.161666549567905657e-04
4.683950443804304326e-05
8.196913276657533587e-05
3.512962832853228448e-04
1.873580177521721730e-04
1.170987610951076081e-05
1.170987610951076081e-05
1.170987610951076081e-05
3.512962832853228583e-05
1.522283894236398940e-04
1.170987610951076081e-05
9.367900887608608652e-05
4.332654160518981806e-04
4.683950443804304597e-04
1.288086372046183656e-04
1.170987610951076081e-05
1.170987610951076081e-05
2.810370266282582867e-04
3.981357877233659016e-04
1.170987610951076081e-05
9.367900887608608652e-05
1.170987610951076081e-05
9.367900887608608652e-05
2.927469027377690102e-04
3.864259116138551238e-04
1.170987610951076081e-05
4.215555399423874029e-04
1.170987610951076081e-05
1.170987610951076081e-05
1.288086372046183656e-04
5.854938054755380746e-05
2.224876460807044792e-04
2.341975221902152163e-05
2.693271505187475089e-04
3.747160355043443461e-04
3.747160355043443461e-04
1.170987610951076081e-05
2.341975221902152163e-05
8.196913276657533587e-05
9.367900887608608652e-05
1.288086372046183656e-04
4.098456638328766251e-04
1.873580177521721730e-04
1.170987610951076081e-05
3.864259116138551238e-04
1.990678938616829508e-04
2.927469027377690102e-04
2.693271505187475089e-04
1.170987610951076081e-05
2.341975221902152163e-05
3.044567788472797880e-04
9.367900887608608652e-05
3.747160355043443461e-04
2.693271505187475089e-04
1.053888849855968507e-04
4.683950443804304326e-05
1.288086372046183656e-04
3.278765310663013435e-04
3.630061593948336225e-04
1.170987610951076081e-05
8.196913276657533587e-05
7.025925665706457166e-05
4.683950443804304326e-05
5.854938054755380746e-05
1.522283894236398940e-04
3.512962832853228448e-04
2.107777699711937014e-04
2.107777699711937014e-04
1.522283894236398940e-04
2.341975221902152163e-05
1.170987610951076081e-05
2.107777699711937014e-04
4.098456638328766251e-04
3.747160355043443461e-04
1.053888849855968507e-04
3.395864071758120670e-04
2.224876460807044792e-04
3.512962832853228583e-05
5.854938054755380746e-05
3.512962832853228583e-05
1.170987610951076149e-04
1.756481416426614224e-04
2.576172744092367311e-04
7.025925665706457166e-05
1.873580177521721730e-04
3.630061593948336225e-04
1.170987610951076081e-05
2.341975221902152163e-05
2.224876460807044792e-04
1.170987610951076081e-05
1.170987610951076081e-05
2.341975221902152163e-05
2.107777699711937014e-04
1.288086372046183656e-04
1.170987610951076081e-05
1.170987610951076081e-05
1.170987610951076081e-05
3.864259116138551238e-04
9.367900887608608652e-05
1.756481416426614224e-04
1.990678938616829508e-04
1.170987610951076081e-05
4.683950443804304326e-05
1.405185133141291433e-04
8.196913276657533587e-05
2.107777699711937014e-04
3.512962832853228583e-05
1.756481416426614224e-04
2.459073982997260076e-04
2.459073982997260076e-04
2.341975221902152163e-05
7.025925665706457166e-05
2.341975221902152163e-05
4.683950443804304326e-05
3.512962832853228448e-04
4.332654160518981806e-04
1.170987610951076081e-05
1.170987610951076081e-05
1.873580177521721730e-04
3.512962832853228583e-05
1.170987610951076149e-04
4.098456638328766251e-04
2.459073982997260076e-04
1.170987610951076081e-05
1.990678938616829508e-04
9.367900887608608652e-05
1.053888849855968507e-04
4.215555399423874029e-04
4.098456638328766251e-04
3.630061593948336225e-04
2.224876460807044792e-04
1.170987610951076081e-05
3.864259116138551238e-04
2.107777699711937014e-04
1.170987610951076081e-05
8.196913276657533587e-05
1.170987610951076081e-05
7.025925665706457166e-05
3.747160355043443461e-04
3.161666549567905657e-04
2.224876460807044792e-04
2.341975221902152163e-05
2.107777699711937014e-04
2.107777699711937014e-04
2.693271505187475089e-04
2.693271505187475089e-04
3.512962832853228448e-04
7.025925665706457166e-05
2.107777699711937014e-04
3.278765310663013435e-04
9.367900887608608652e-05
1.170987610951076149e-04
3.512962832853228448e-04
1.170987610951076081e-05
7.025925665706457166e-05
1.288086372046183656e-04
3.512962832853228583e-05
1.522283894236398940e-04
1.288086372046183656e-04
2.107777699711937014e-04
1.170987610951076081e-05
1.639382655331506717e-04
3.747160355043443461e-04
1.170987610951076149e-04
1.170987610951076081e-05
1.170987610951076081e-05
3.512962832853228583e-05
8.196913276657533587e-05
9.367900887608608652e-05
3.512962832853228583e-05
5.854938054755380746e-05
9.367900887608608652e-05
1.170987610951076081e-05
1.405185133141291433e-04
3.512962832853228448e-04
2.810370266282582867e-04
3.630061593948336225e-04
2.459073982997260076e-04
2.341975221902152163e-05
3.512962832853228448e-04
3.981357877233659016e-04
1.170987610951076081e-05
2.927469027377690102e-04
2.107777699711937014e-04
1.053888849855968507e-04
3.630061593948336225e-04
1.405185133141291433e-04
1.990678938616829508e-04
8.196913276657533587e-05
1.756481416426614224e-04
1.170987610951076081e-05
1.522283894236398940e-04
3.512962832853228583e-05
4.683950443804304326e-05
3.161666549567905657e-04
1.522283894236398940e-04
4.683950443804304326e-05
1.170987610951076149e-04
5.854938054755380746e-05
1.522283894236398940e-04
1.170987610951076149e-04
7.025925665706457166e-05
2.576172744092367311e-04
1.873580177521721730e-04
3.395864071758120670e-04
4.449752921614089584e-04
1.288086372046183656e-04
1.170987610951076081e-05
1.170987610951076081e-05
7.025925665706457166e-05
4.683950443804304326e-05
1.288086372046183656e-04
3.864259116138551238e-04
2.107777699711937014e-04
2.341975221902152163e-05
1.170987610951076081e-05
2.810370266282582867e-04
2.224876460807044792e-04
3.278765310663013435e-04
3.044567788472797880e-04
1.170987610951076081e-05
2.341975221902152163e-05
2.693271505187475089e-04
3.512962832853228448e-04
1.522283894236398940e-04
1.170987610951076081e-05
2.693271505187475089e-04
1.288086372046183656e-04
3.512962832853228448e-04
2.341975221902152298e-04
3.512962832853228448e-04
1.170987610951076081e-05
3.278765310663013435e-04
2.927469027377690102e-04
3.512962832853228448e-04
3.512962832853228448e-04
1.170987610951076081e-05
3.512962832853228448e-04
2.576172744092367311e-04
3.512962832853228448e-04
2.341975221902152163e-05
1.170987610951076149e-04
1.170987610951076081e-05
3.044567788472797880e-04
3.512962832853228583e-05
4.683950443804304326e-05
1.053888849855968507e-04
2.341975221902152298e-04
1.639382655331506717e-04
1.873580177521721730e-04
3.512962832853228448e-04
1.053888849855968507e-04
3.395864071758120670e-04
1.170987610951076149e-04
2.341975221902152298e-04
1.288086372046183656e-04
3.512962832853228583e-05
3.630061593948336225e-04
9.367900887608608652e-05
1.756481416426614224e-04
4.683950443804304326e-05
3.161666549567905657e-04
2.107777699711937014e-04
4.683950443804304326e-05
2.341975221902152298e-04
1.053888849855968507e-04
1.053888849855968507e-04
2.341975221902152298e-04
2.810370266282582867e-04
9.367900887608608652e-05
3.512962832853228448e-04
2.810370266282582867e-04
3.512962832853228583e-05
2.693271505187475089e-04
5.854938054755380746e-05
2.341975221902152163e-05
2.341975221902152163e-05
1.522283894236398940e-04
3.981357877233659016e-04
4.215555399423874029e-04
2.576172744092367311e-04
1.170987610951076081e-05
1.639382655331506717e-04
3.161666549567905657e-04
9.367900887608608652e-05
2.459073982997260076e-04
1.170987610951076081e-05
2.576172744092367311e-04
4.566851682709196819e-04
2.224876460807044792e-04
5.854938054755380746e-05
1.170987610951076081e-05
1.170987610951076081e-05
1.053888849855968507e-04
3.512962832853228583e-05
3.161666549567905657e-04
3.512962832853228583e-05
1.170987610951076149e-04
1.170987610951076081e-05
1.170987610951076149e-04
8.196913276657533587e-05
2.459073982997260076e-04
1.170987610951076081e-05
1.170987610951076081e-05
8.196913276657533587e-05
1.170987610951076081e-05
1.170987610951076081e-05
1.170987610951076081e-05
1.990678938616829508e-04
1.053888849855968507e-04
5.854938054755380746e-05
1.288086372046183656e-04
3.278765310663013435e-04
1.288086372046183656e-04
2.107777699711937014e-04
1.639382655331506717e-04
3.630061593948336225e-04
2.224876460807044792e-04
8.196913276657533587e-05
9.367900887608608652e-05
3.278765310663013435e-04
1.522283894236398940e-04
1.053888849855968507e-04
2.810370266282582867e-04
1.053888849855968507e-04
2.693271505187475089e-04
7.025925665706457166e-05
1.053888849855968507e-04
7.025925665706457166e-05
7.025925665706457166e-05
1.170987610951076081e-05
3.512962832853228583e-05
1.170987610951076081e-05
1.756481416426614224e-04
2.341975221902152163e-05
3.512962832853228448e-04
3.044567788472797880e-04
1.405185133141291433e-04
1.053888849855968507e-04
1.288086372046183656e-04
3.512962832853228448e-04
1.990678938616829508e-04
1.170987610951076081e-05
2.341975221902152163e-05
2.576172744092367311e-04
1.170987610951076081e-05
1.170987610951076081e-05
1.170987610951076081e-05
2.341975221902152163e-05
2.107777699711937014e-04
7.025925665706457166e-05
3.278765310663013435e-04
3.747160355043443461e-04
2.341975221902152298e-04
2.810370266282582867e-04
2.341975221902152163e-05
1.288086372046183656e-04
8.196913276657533587e-05
3.044567788472797880e-04
1.639382655331506717e-04
7.025925665706457166e-05
4.683950443804304326e-05
3.044567788472797880e-04
8.196913276657533587e-05
2.341975221902152163e-05
8.196913276657533587e-05
2.576172744092367311e-04
1.170987610951076081e-05
9.367900887608608652e-05
9.367900887608608652e-05
3.512962832853228583e-05
1.053888849855968507e-04
2.341975221902152298e-04
2.341975221902152163e-05
1.170987610951076081e-05
1.053888849855968507e-04
1.756481416426614224e-04
1.288086372046183656e-04
5.854938054755380746e-05
2.810370266282582867e-04
3.278765310663013435e-04
1.639382655331506717e-04
1.522283894236398940e-04
2.693271505187475089e-04
1.873580177521721730e-04
2.810370266282582867e-04
2.107777699711937014e-04
1.170987610951076081e-05
5.854938054755380746e-05
1.873580177521721730e-04
3.161666549567905657e-04
2.459073982997260076e-04
3.395864071758120670e-04
4.683950443804304326e-05
2.459073982997260076e-04
1.639382655331506717e-04
7.025925665706457166e-05
1.756481416426614224e-04
2.927469027377690102e-04
8.196913276657533587e-05
1.170987610951076149e-04
3.747160355043443461e-04
2.341975221902152163e-05
2.693271505187475089e-04
1.053888849855968507e-04
1.170987610951076081e-05
8.196913276657533587e-05
5.854938054755380746e-05
1.522283894236398940e-04
1.990678938616829508e-04
2.810370266282582867e-04
1.873580177521721730e-04
1.990678938616829508e-04
1.522283894236398940e-04
1.170987610951076081e-05
3.044567788472797880e-04
1.639382655331506717e-04
2.341975221902152163e-05
3.512962832853228583e-05
3.864259116138551238e-04
1.756481416426614224e-04
3.278765310663013435e-04
1.873580177521721730e-04
1.170987610951076081e-05
3.161666549567905657e-04
1.170987610951076081e-05
3.044567788472797880e-04
8.196913276657533587e-05
1.170987610951076149e-04
1.639382655331506717e-04
2.810370266282582867e-04
2.576172744092367311e-04
1.170987610951076149e-04
1.639382655331506717e-04
1.170987610951076081e-05
9.367900887608608652e-05
2.459073982997260076e-04
9.367900887608608652e-05
1.053888849855968507e-04
2.341975221902152163e-05
3.512962832853228583e-05
1.053888849855968507e-04
2.107777699711937014e-04
1.170987610951076149e-04
3.512962832853228583e-05
1.170987610951076081e-05
2.927469027377690102e-04
2.927469027377690102e-04
2.341975221902152163e-05
1.873580177521721730e-04
2.341975221902152163e-05
2.693271505187475089e-04
1.170987610951076081e-05
3.512962832853228583e-05
3.864259116138551238e-04
4.683950443804304326e-05
1.053888849855968507e-04
5.854938054755380746e-05
4.683950443804304326e-05
8.196913276657533587e-05
3.044567788472797880e-04
3.278765310663013435e-04
1.522283894236398940e-04
2.927469027377690102e-04
3.981357877233659016e-04
1.170987610951076081e-05
3.161666549567905657e-04
9.367900887608608652e-05
3.044567788472797880e-04
1.288086372046183656e-04
1.170987610951076081e-05
3.512962832853228583e-05
2.341975221902152163e-05
1.170987610951076081e-05
1.405185133141291433e-04
1.990678938616829508e-04
2.341975221902152298e-04
1.170987610951076081e-05
4.683950443804304326e-05
4.683950443804304326e-05
1.756481416426614224e-04
2.693271505187475089e-04
2.576172744092367311e-04
1.170987610951076081e-05
1.288086372046183656e-04
2.810370266282582867e-04
1.170987610951076081e-05
2.810370266282582867e-04
8.196913276657533587e-05
1.756481416426614224e-04
1.170987610951076081e-05
8.196913276657533587e-05
3.278765310663013435e-04
8.196913276657533587e-05
1.170987610951076081e-05
2.341975221902152298e-04
1.639382655331506717e-04
7.025925665706457166e-05
1.170987610951076081e-05
1.170987610951076081e-05
5.854938054755380746e-05
3.278765310663013435e-04
1.990678938616829508e-04
1.522283894236398940e-04
1.170987610951076081e-05
1.170987610951076081e-05
3.512962832853228583e-05
1.170987610951076081e-05
5.854938054755380746e-05
1.522283894236398940e-04
1.405185133141291433e-04
2.927469027377690102e-04
1.873580177521721730e-04
2.341975221902152163e-05
2.341975221902152298e-04
3.512962832853228448e-04
3.161666549567905657e-04
1.639382655331506717e-04
3.864259116138551238e-04
1.405185133141291433e-04
1.873580177521721730e-04
2.341975221902152163e-05
1.522283894236398940e-04
1.873580177521721730e-04
1.522283894236398940e-04
2.927469027377690102e-04
2.459073982997260076e-04
1.170987610951076081e-05
1.522283894236398940e-04
2.341975221902152298e-04
2.927469027377690102e-04
2.459073982997260076e-04
1.170987610951076081e-05
2.341975221902152163e-05
3.512962832853228583e-05
1.053888849855968507e-04
2.107777699711937014e-04
2.576172744092367311e-04
7.025925665706457166e-05
1.053888849855968507e-04
2.107777699711937014e-04
1.170987610951076081e-05
1.170987610951076081e-05
1.990678938616829508e-04
1.170987610951076081e-05
1.170987610951076081e-05
5.854938054755380746e-05
1.053888849855968507e-04
3.161666549567905657e-04
1.053888849855968507e-04
1.170987610951076149e-04
5.854938054755380746e-05
1.053888849855968507e-04
1.522283894236398940e-04
3.512962832853228583e-05
1.288086372046183656e-04
2.341975221902152163e-05
1.873580177521721730e-04
1.639382655331506717e-04
1.405185133141291433e-04
7.025925665706457166e-05
1.053888849855968507e-04
1.288086372046183656e-04
3.044567788472797880e-04
1.170987610951076149e-04
2.107777699711937014e-04
1.639382655331506717e-04
1.873580177521721730e-04
9.367900887608608652e-05
1.405185133141291433e-04
1.990678938616829508e-04
1.756481416426614224e-04
5.854938054755380746e-05
1.170987610951076149e-04
2.576172744092367311e-04
2.341975221902152163e-05
2.107777699711937014e-04
1.990678938616829508e-04
2.459073982997260076e-04
5.854938054755380746e-05
1.756481416426614224e-04
1.170987610951076081e-05
3.512962832853228583e-05
2.341975221902152163e-05
5.854938054755380746e-05
1.990678938616829508e-04
1.639382655331506717e-04
1.170987610951076081e-05
1.405185133141291433e-04
3.512962832853228583e-05
1.405185133141291433e-04
1.405185133141291433e-04
1.990678938616829508e-04
1.756481416426614224e-04
1.170987610951076149e-04
3.630061593948336225e-04
2.224876460807044792e-04
1.756481416426614224e-04
1.522283894236398940e-04
1.170987610951076081e-05
2.341975221902152163e-05
1.405185133141291433e-04
1.170987610951076081e-05
9.367900887608608652e-05
1.288086372046183656e-04
1.288086372046183656e-04
3.044567788472797880e-04
1.170987610951076081e-05
1.990678938616829508e-04
1.170987610951076081e-05
1.288086372046183656e-04
3.512962832853228583e-05
1.053888849855968507e-04
1.170987610951076081e-05
1.405185133141291433e-04
5.854938054755380746e-05
1.990678938616829508e-04
3.161666549567905657e-04
4.683950443804304326e-05
1.288086372046183656e-04
2.341975221902152298e-04
4.683950443804304326e-05
1.170987610951076149e-04
2.341975221902152163e-05
1.170987610951076081e-05
1.170987610951076081e-05
3.512962832853228583e-05
3.512962832853228583e-05
4.683950443804304326e-05
2.107777699711937014e-04
2.576172744092367311e-04
2.810370266282582867e-04
2.224876460807044792e-04
1.405185133141291433e-04
2.810370266282582867e-04
1.756481416426614224e-04
7.025925665706457166e-05
2.341975221902152163e-05
1.170987610951076081e-05
2.459073982997260076e-04
4.683950443804304326e-05
2.107777699711937014e-04
1.405185133141291433e-04
2.107777699711937014e-04
1.990678938616829508e-04
1.288086372046183656e-04
1.873580177521721730e-04
3.512962832853228583e-05
2.107777699711937014e-04
2.341975221902152163e-05
2.107777699711937014e-04
9.367900887608608652e-05
1.639382655331506717e-04
1.170987610951076081e-05
2.107777699711937014e-04
1.756481416426614224e-04
1.288086372046183656e-04
2.341975221902152163e-05
8.196913276657533587e-05
5.854938054755380746e-05
4.683950443804304326e-05
4.683950443804304326e-05
2.341975221902152163e-05
1.170987610951076081e-05
7.025925665706457166e-05
1.522283894236398940e-04
2.224876460807044792e-04
1.522283894236398940e-04
2.576172744092367311e-04
2.107777699711937014e-04
1.170987610951076081e-05
2.810370266282582867e-04
2.224876460807044792e-04
1.639382655331506717e-04
1.170987610951076081e-05
1.170987610951076149e-04
2.341975221902152298e-04
2.576172744092367311e-04
2.576172744092367311e-04
7.025925665706457166e-05
1.522283894236398940e-04
1.170987610951076081e-05
1.170987610951076081e-05
1.170987610951076081e-05
2.459073982997260076e-04
4.683950443804304326e-05
1.170987610951076149e-04
1.170987610951076081e-05
4.683950443804304326e-05
1.053888849855968507e-04
1.990678938616829508e-04
1.170987610951076081e-05
4.683950443804304326e-05
2.107777699711937014e-04
1.170987610951076081e-05
1.288086372046183656e-04
2.576172744092367311e-04
1.170987610951076081e-05
1.288086372046183656e-04
1.756481416426614224e-04
2.927469027377690102e-04
5.854938054755380746e-05
5.854938054755380746e-05
1.405185133141291433e-04
1.170987610951076081e-05
1.170987610951076081e-05
1.756481416426614224e-04
1.170987610951076081e-05
8.196913276657533587e-05
1.170987610951076081e-05
1.756481416426614224e-04
3.512962832853228583e-05
2.927469027377690102e-04
1.053888849855968507e-04
1.053888849855968507e-04
1.053888849855968507e-04
5.854938054755380746e-05
2.107777699711937014e-04
8.196913276657533587e-05
2.459073982997260076e-04
1.170987610951076081e-05
1.405185133141291433e-04
2.576172744092367311e-04
3.512962832853228583e-05
4.683950443804304326e-05
1.756481416426614224e-04
2.224876460807044792e-04
3.512962832853228583e-05
1.405185133141291433e-04
1.053888849855968507e-04
1.405185133141291433e-04
8.196913276657533587e-05
1.170987610951076081e-05
1.405185133141291433e-04
4.683950443804304326e-05
7.025925665706457166e-05
1.170987610951076081e-05
3.512962832853228583e-05
2.224876460807044792e-04
1.170987610951076149e-04
2.107777699711937014e-04
2.927469027377690102e-04
3.512962832853228583e-05
1.053888849855968507e-04
4.683950443804304326e-05
1.170987610951076081e-05
2.459073982997260076e-04
1.405185133141291433e-04
1.170987610951076081e-05
1.170987610951076081e-05
8.196913276657533587e-05
1.405185133141291433e-04
8.196913276657533587e-05
5.854938054755380746e-05
2.341975221902152298e-04
2.341975221902152163e-05
1.170987610951076081e-05
1.990678938616829508e-04
2.107777699711937014e-04
2.224876460807044792e-04
5.854938054755380746e-05
1.288086372046183656e-04
1.170987610951076081e-05
5.854938054755380746e-05
3.512962832853228583e-05
1.053888849855968507e-04
2.107777699711937014e-04
1.756481416426614224e-04
4.683950443804304326e-05
1.170987610951076081e-05
1.873580177521721730e-04
2.341975221902152298e-04
9.367900887608608652e-05
2.224876460807044792e-04
1.170987610951076081e-05
7.025925665706457166e-05
1.170987610951076081e-05
1.522283894236398940e-04
1.170987610951076081e-05
2.576172744092367311e-04
2.107777699711937014e-04
2.927469027377690102e-04
1.756481416426614224e-04
3.512962832853228583e-05
1.873580177521721730e-04
2.107777699711937014e-04
1.522283894236398940e-04
2.224876460807044792e-04
1.170987610951076081e-05
1.170987610951076081e-05
2.459073982997260076e-04
3.512962832853228583e-05
1.873580177521721730e-04
1.756481416426614224e-04
1.990678938616829508e-04
2.341975221902152163e-05
2.341975221902152163e-05
3.512962832853228583e-05
1.639382655331506717e-04
1.053888849855968507e-04
7.025925665706457166e-05
3.512962832853228583e-05
1.170987610951076081e-05
2.810370266282582867e-04
1.053888849855968507e-04
1.170987610951076081e-05
2.224876460807044792e-04
1.170987610951076149e-04
1.990678938616829508e-04
1.170987610951076081e-05
2.341975221902152163e-05
1.170987610951076081e-05
1.522283894236398940e-04
5.854938054755380746e-05
1.170987610951076149e-04
1.873580177521721730e-04
1.170987610951076081e-05
1.639382655331506717e-04
1.873580177521721730e-04
2.341975221902152163e-05
2.107777699711937014e-04
4.683950443804304326e-05
2.341975221902152163e-05
2.341975221902152163e-05
8.196913276657533587e-05
9.367900887608608652e-05
2.341975221902152163e-05
1.170987610951076081e-05
1.170987610951076149e-04
9.367900887608608652e-05
1.990678938616829508e-04
7.025925665706457166e-05
1.522283894236398940e-04
1.639382655331506717e-04
1.170987610951076081e-05
2.107777699711937014e-04
1.170987610951076081e-05
1.756481416426614224e-04
2.693271505187475089e-04
1.170987610951076081e-05
1.288086372046183656e-04
1.170987610951076081e-05
5.854938054755380746e-05
1.053888849855968507e-04
4.683950443804304326e-05
9.367900887608608652e-05
1.170987610951076081e-05
2.459073982997260076e-04
2.341975221902152163e-05
3.512962832853228583e-05
1.170987610951076081e-05
1.170987610951076081e-05
1.756481416426614224e-04
1.170987610951076081e-05
1.990678938616829508e-04
2.107777699711937014e-04
1.053888849855968507e-04
1.756481416426614224e-04
2.693271505187475089e-04
1.170987610951076149e-04
2.341975221902152163e-05
3.512962832853228583e-05
1.170987610951076149e-04
2.224876460807044792e-04
4.683950443804304326e-05
1.288086372046183656e-04
2.341975221902152298e-04
1.639382655331506717e-04
1.990678938616829508e-04
1.990678938616829508e-04
1.288086372046183656e-04
1.170987610951076149e-04
4.683950443804304326e-05
9.367900887608608652e-05
3.512962832853228583e-05
2.224876460807044792e-04
4.683950443804304326e-05
1.170987610951076081e-05
1.639382655331506717e-04
2.224876460807044792e-04
